  0.900000000000000       8.333333333333337E-002  1.493900000000000E-004
  0.900000000000000       0.101851851851852       4.891100000000001E-004
  0.900000000000000       0.120370370370370       9.011400000000000E-004
  0.900000000000000       0.138888888888889       1.385500000000000E-003
  0.900000000000000       0.157407407407407       1.945100000000000E-003
  0.900000000000000       0.175925925925926       2.617299999999999E-003
  0.900000000000000       0.194444444444445       3.392700000000001E-003
  0.900000000000000       0.212962962962963       4.259500000000000E-003
  0.900000000000000       0.231481481481482       5.294400000000000E-003
  0.900000000000000       0.250000000000000       6.490100000000001E-003
  0.900000000000000       0.268518518518518       7.770700000000000E-003
  0.900000000000000       0.287037037037037       9.348000000000000E-003
  0.900000000000000       0.305555555555556       1.110500000000000E-002
  0.900000000000000       0.324074074074074       1.301700000000000E-002
  0.900000000000000       0.342592592592593       1.532300000000000E-002
  0.900000000000000       0.361111111111111       1.791100000000000E-002
  0.900000000000000       0.379629629629630       2.064000000000001E-002
  0.900000000000000       0.398148148148148       2.391100000000000E-002
  0.900000000000000       0.416666666666667       2.759100000000000E-002
  0.900000000000000       0.435185185185185       3.128300000000001E-002
  0.900000000000000       0.453703703703704       3.590100000000001E-002
  0.900000000000000       0.472222222222222       4.085200000000001E-002
  0.900000000000000       0.490740740740741       4.602100000000001E-002
  0.900000000000000       0.509259259259259       5.235599999999999E-002
  0.900000000000000       0.527777777777778       5.919600000000001E-002
  0.900000000000000       0.546296296296296       6.613700000000002E-002
  0.900000000000000       0.564814814814815       7.483300000000001E-002
  0.900000000000000       0.583333333333333       8.449800000000002E-002
  0.900000000000000       0.601851851851852       9.397900000000002E-002
  0.900000000000000       0.620370370370370       0.106380000000000     
  0.900000000000000       0.638888888888889       0.120600000000000     
  0.900000000000000       0.657407407407408       0.134520000000000     
  0.900000000000000       0.675925925925926       0.153690000000000     
  0.900000000000000       0.694444444444445       0.176080000000000     
  0.900000000000000       0.712962962962963       0.200970000000000     
  0.900000000000000       0.731481481481482       0.448770000000000     
  0.900000000000000       0.750000000000000       0.725830000000000     
  0.900000000000000       0.768518518518519        1.10550000000000     
  0.900000000000000       0.787037037037037        1.33240000000000     
  0.900000000000000       0.805555555555556        1.55510000000000     
  0.900000000000000       0.824074074074074        1.76540000000000     
  0.900000000000000       0.842592592592593        1.94910000000000     
  0.900000000000000       0.861111111111111        2.10120000000000     
  0.900000000000000       0.879629629629630        2.20900000000000     
  0.900000000000000       0.898148148148148        2.30830000000000     
  0.900000000000000       0.916666666666667        2.37780000000000     
  0.900000000000000       0.935185185185185        2.42050000000000     
  0.900000000000000       0.953703703703704        2.44650000000000     
  0.900000000000000       0.972222222222222        2.44850000000000     
  0.900000000000000       0.990740740740741        2.42730000000000     
  0.900000000000000        1.00925925925926        2.38390000000000     
  0.900000000000000        1.02777777777778        2.33120000000000     
  0.900000000000000        1.04629629629630        2.23820000000000     
  0.900000000000000        1.06481481481481        2.11670000000000     
  0.900000000000000        1.08333333333333        1.98030000000000     
  0.900000000000000        1.10185185185185        1.90370000000000     
  0.900000000000000        1.12037037037037        1.72430000000000     
  0.900000000000000        1.13888888888889        1.49580000000000     
  0.900000000000000        1.15740740740741        1.23550000000000     
  0.900000000000000        1.17592592592593        1.19160000000000     
  0.900000000000000        1.19444444444444       0.887700000000000     
  0.900000000000000        1.21296296296296       0.533100000000000     
  0.900000000000000        1.23148148148148       0.144810000000000     
  0.900000000000000        1.25000000000000       0.120990000000000     
  0.900000000000000        1.26851851851852       0.101880000000000     
  0.900000000000000        1.28703703703704       8.913600000000001E-002
  0.900000000000000        1.30555555555556       7.483500000000001E-002
  0.900000000000000        1.32407407407407       6.360300000000001E-002
  0.900000000000000        1.34259259259259       5.385200000000000E-002
  0.900000000000000        1.36111111111111       4.404300000000001E-002
  0.900000000000000        1.37962962962963       3.634200000000001E-002
  0.900000000000000        1.39814814814815       2.964400000000000E-002
  0.900000000000000        1.41666666666667       2.347500000000000E-002
  0.900000000000000        1.43518518518519       1.857800000000000E-002
  0.900000000000000        1.45370370370370       1.456400000000000E-002
  0.900000000000000        1.47222222222222       1.106500000000000E-002
  0.900000000000000        1.49074074074074       8.390200000000000E-003
  0.900000000000000        1.50925925925926       6.274400000000001E-003
  0.900000000000000        1.52777777777778       4.525500000000000E-003
  0.900000000000000        1.54629629629630       3.298100000000001E-003
  0.900000000000000        1.56481481481482       2.245500000000001E-003
  0.900000000000000        1.58333333333333       1.492200000000000E-003
  0.900000000000000        1.60185185185185       9.682300000000000E-004
  0.900000000000000        1.62037037037037       5.730700000000001E-004
  0.900000000000000        1.63888888888889       3.232700000000001E-004
  0.900000000000000        1.65740740740741       1.774200000000000E-004
  0.900000000000000        1.67592592592593       8.008300000000001E-005
  0.900000000000000        1.69444444444444       3.197300000000000E-005
  0.900000000000000        1.71296296296296       1.161000000000000E-005
  0.900000000000000        1.73148148148148       2.020100000000000E-006
  0.900000000000000        1.75000000000000       1.009500000000000E-007
  0.900000000000000        1.76851851851852       5.053000000000000E-008
  0.900000000000000        1.78703703703704       0.000000000000000E+000
  0.900000000000000        1.80555555555556       0.000000000000000E+000
  0.900000000000000        1.82407407407407       0.000000000000000E+000
  0.900000000000000        1.84259259259259       0.000000000000000E+000
  0.900000000000000        1.86111111111111       0.000000000000000E+000
  0.900000000000000        1.87962962962963       0.000000000000000E+000
  0.900000000000000        1.89814814814815       0.000000000000000E+000
  0.900000000000000        1.91666666666667       0.000000000000000E+000
  0.900000000000000        1.93518518518519       0.000000000000000E+000
  0.900000000000000        1.95370370370370       0.000000000000000E+000
  0.900000000000000        1.97222222222222       0.000000000000000E+000
  0.900000000000000        1.99074074074074       0.000000000000000E+000
  0.900000000000000        2.00925925925926       0.000000000000000E+000
  0.900000000000000        2.02777777777778       0.000000000000000E+000
  0.900000000000000        2.04629629629630       0.000000000000000E+000
  0.900000000000000        2.06481481481481       0.000000000000000E+000
  0.900000000000000        2.08333333333333       0.000000000000000E+000
  0.900000000000000        2.10185185185185       0.000000000000000E+000
  0.900000000000000        2.12037037037037       0.000000000000000E+000
  0.900000000000000        2.13888888888889       0.000000000000000E+000
  0.900000000000000        2.15740740740741       0.000000000000000E+000
  0.900000000000000        2.17592592592593       0.000000000000000E+000
  0.900000000000000        2.19444444444444       0.000000000000000E+000
  0.900000000000000        2.21296296296296       0.000000000000000E+000
  0.900000000000000        2.23148148148148       0.000000000000000E+000
  0.900000000000000        2.25000000000000       0.000000000000000E+000
  0.900000000000000        2.26851851851852       0.000000000000000E+000
  0.900000000000000        2.28703703703704       0.000000000000000E+000
  0.900000000000000        2.30555555555556       0.000000000000000E+000
  0.900000000000000        2.32407407407407       0.000000000000000E+000
  0.900000000000000        2.34259259259259       0.000000000000000E+000
  0.900000000000000        2.36111111111111       0.000000000000000E+000
  0.900000000000000        2.37962962962963       0.000000000000000E+000
1.0  .10000E-01  .14939E-03
1.0  .30000E-01  .48911E-03
1.0  .50000E-01  .90114E-03
1.0  .70000E-01  .13855E-02
1.0  .90000E-01  .19451E-02
1.0  .11000E+00  .26173E-02
1.0  .13000E+00  .33927E-02
1.0  .15000E+00  .42595E-02
1.0  .17000E+00  .52944E-02
1.0  .19000E+00  .64901E-02
1.0  .21000E+00  .77707E-02
1.0  .23000E+00  .93480E-02
1.0  .25000E+00  .11105E-01
1.0  .27000E+00  .13017E-01
1.0  .29000E+00  .15323E-01
1.0  .31000E+00  .17911E-01
1.0  .33000E+00  .20640E-01
1.0  .35000E+00  .23911E-01
1.0  .37000E+00  .27591E-01
1.0  .39000E+00  .31283E-01
1.0  .41000E+00  .35901E-01
1.0  .43000E+00  .40852E-01
1.0  .45000E+00  .46021E-01
1.0  .47000E+00  .52356E-01
1.0  .49000E+00  .59196E-01
1.0  .51000E+00  .66137E-01
1.0  .53000E+00  .74833E-01
1.0  .55000E+00  .84498E-01
1.0  .57000E+00  .93979E-01
1.0  .59000E+00  .10638E+00
1.0  .61000E+00  .12060E+00
1.0  .63000E+00  .13452E+00
1.0  .65000E+00  .15369E+00
1.0  .67000E+00  .17608E+00
1.0  .69000E+00  .20097E+00
1.0  .71000E+00  .44877E+00
1.0  .73000E+00  .72583E+00
1.0  .75000E+00  .11055E+01
1.0  .77000E+00  .13324E+01
1.0  .79000E+00  .15551E+01
1.0  .81000E+00  .17654E+01
1.0  .83000E+00  .19491E+01
1.0  .85000E+00  .21012E+01
1.0  .87000E+00  .22090E+01
1.0  .89000E+00  .23083E+01
1.0  .91000E+00  .23778E+01
1.0  .93000E+00  .24205E+01
1.0  .95000E+00  .24465E+01
1.0  .97000E+00  .24485E+01
1.0  .99000E+00  .24273E+01
1.0  .10100E+01  .23839E+01
1.0  .10300E+01  .23312E+01
1.0  .10500E+01  .22382E+01
1.0  .10700E+01  .21167E+01
1.0  .10900E+01  .19803E+01
1.0  .11100E+01  .19037E+01
1.0  .11300E+01  .17243E+01
1.0  .11500E+01  .14958E+01
1.0  .11700E+01  .12355E+01
1.0  .11900E+01  .11916E+01
1.0  .12100E+01  .88770E+00
1.0  .12300E+01  .53310E+00
1.0  .12500E+01  .14481E+00
1.0  .12700E+01  .12099E+00
1.0  .12900E+01  .10188E+00
1.0  .13100E+01  .89136E-01
1.0  .13300E+01  .74835E-01
1.0  .13500E+01  .63603E-01
1.0  .13700E+01  .53852E-01
1.0  .13900E+01  .44043E-01
1.0  .14100E+01  .36342E-01
1.0  .14300E+01  .29644E-01
1.0  .14500E+01  .23475E-01
1.0  .14700E+01  .18578E-01
1.0  .14900E+01  .14564E-01
1.0  .15100E+01  .11065E-01
1.0  .15300E+01  .83902E-02
1.0  .15500E+01  .62744E-02
1.0  .15700E+01  .45255E-02
1.0  .15900E+01  .32981E-02
1.0  .16100E+01  .22455E-02
1.0  .16300E+01  .14922E-02
1.0  .16500E+01  .96823E-03
1.0  .16700E+01  .57307E-03
1.0  .16900E+01  .32327E-03
1.0  .17100E+01  .17742E-03
1.0  .17300E+01  .80083E-04
1.0  .17500E+01  .31973E-04
1.0  .17700E+01  .11610E-04
1.0  .17900E+01  .20201E-05
1.0  .18100E+01  .10095E-06
1.0  .18300E+01  .50530E-07
1.0  .18500E+01  .00000E+00
1.0  .18700E+01  .00000E+00
1.0  .18900E+01  .00000E+00
1.0  .19100E+01  .00000E+00
1.0  .19300E+01  .00000E+00
1.0  .19500E+01  .00000E+00
1.0  .19700E+01  .00000E+00
1.0  .19900E+01  .00000E+00
1.0  .20100E+01  .00000E+00
1.0  .20300E+01  .00000E+00
1.0  .20500E+01  .00000E+00
1.0  .20700E+01  .00000E+00
1.0  .20900E+01  .00000E+00
1.0  .21100E+01  .00000E+00
1.0  .21300E+01  .00000E+00
1.0  .21500E+01  .00000E+00
1.0  .21700E+01  .00000E+00
1.0  .21900E+01  .00000E+00
1.0  .22100E+01  .00000E+00
1.0  .22300E+01  .00000E+00
1.0  .22500E+01  .00000E+00
1.0  .22700E+01  .00000E+00
1.0  .22900E+01  .00000E+00
1.0  .23100E+01  .00000E+00
1.0  .23300E+01  .00000E+00
1.0  .23500E+01  .00000E+00
1.0  .23700E+01  .00000E+00
1.0  .23900E+01  .00000E+00
1.0  .24100E+01  .00000E+00
1.0  .24300E+01  .00000E+00
1.0  .24500E+01  .00000E+00
1.0  .24700E+01  .00000E+00
1.0  .24900E+01  .00000E+00
1.1  .10000E-01  .18362E-03
1.1  .30000E-01  .59984E-03
1.1  .50000E-01  .10921E-02
1.1  .70000E-01  .16653E-02
1.1  .90000E-01  .23304E-02
1.1  .11000E+00  .31034E-02
1.1  .13000E+00  .39726E-02
1.1  .15000E+00  .49954E-02
1.1  .17000E+00  .61545E-02
1.1  .19000E+00  .74710E-02
1.1  .21000E+00  .89813E-02
1.1  .23000E+00  .10659E-01
1.1  .25000E+00  .12615E-01
1.1  .27000E+00  .14719E-01
1.1  .29000E+00  .17123E-01
1.1  .31000E+00  .19830E-01
1.1  .33000E+00  .22777E-01
1.1  .35000E+00  .26163E-01
1.1  .37000E+00  .29773E-01
1.1  .39000E+00  .33957E-01
1.1  .41000E+00  .38324E-01
1.1  .43000E+00  .43206E-01
1.1  .45000E+00  .48771E-01
1.1  .47000E+00  .54662E-01
1.1  .49000E+00  .61604E-01
1.1  .51000E+00  .68909E-01
1.1  .53000E+00  .76906E-01
1.1  .55000E+00  .86647E-01
1.1  .57000E+00  .96766E-01
1.1  .59000E+00  .10870E+00
1.1  .61000E+00  .12335E+00
1.1  .63000E+00  .13960E+00
1.1  .65000E+00  .15730E+00
1.1  .67000E+00  .18194E+00
1.1  .69000E+00  .40287E+00
1.1  .71000E+00  .76003E+00
1.1  .73000E+00  .96645E+00
1.1  .75000E+00  .11676E+01
1.1  .77000E+00  .13525E+01
1.1  .79000E+00  .15228E+01
1.1  .81000E+00  .16803E+01
1.1  .83000E+00  .18100E+01
1.1  .85000E+00  .19250E+01
1.1  .87000E+00  .20245E+01
1.1  .89000E+00  .21043E+01
1.1  .91000E+00  .21632E+01
1.1  .93000E+00  .22044E+01
1.1  .95000E+00  .22294E+01
1.1  .97000E+00  .22405E+01
1.1  .99000E+00  .22346E+01
1.1  .10100E+01  .22043E+01
1.1  .10300E+01  .21636E+01
1.1  .10500E+01  .20993E+01
1.1  .10700E+01  .20413E+01
1.1  .10900E+01  .19404E+01
1.1  .11100E+01  .18108E+01
1.1  .11300E+01  .17272E+01
1.1  .11500E+01  .15992E+01
1.1  .11700E+01  .13924E+01
1.1  .11900E+01  .12660E+01
1.1  .12100E+01  .11134E+01
1.1  .12300E+01  .83827E+00
1.1  .12500E+01  .51414E+00
1.1  .12700E+01  .49133E+00
1.1  .12900E+01  .13070E+00
1.1  .13100E+01  .11266E+00
1.1  .13300E+01  .98923E-01
1.1  .13500E+01  .87114E-01
1.1  .13700E+01  .75002E-01
1.1  .13900E+01  .65749E-01
1.1  .14100E+01  .55991E-01
1.1  .14300E+01  .47994E-01
1.1  .14500E+01  .40329E-01
1.1  .14700E+01  .33924E-01
1.1  .14900E+01  .28127E-01
1.1  .15100E+01  .22925E-01
1.1  .15300E+01  .18605E-01
1.1  .15500E+01  .14717E-01
1.1  .15700E+01  .11759E-01
1.1  .15900E+01  .90144E-02
1.1  .16100E+01  .70161E-02
1.1  .16300E+01  .53412E-02
1.1  .16500E+01  .39039E-02
1.1  .16700E+01  .28298E-02
1.1  .16900E+01  .19862E-02
1.1  .17100E+01  .13736E-02
1.1  .17300E+01  .88464E-03
1.1  .17500E+01  .56089E-03
1.1  .17700E+01  .33937E-03
1.1  .17900E+01  .17558E-03
1.1  .18100E+01  .91780E-04
1.1  .18300E+01  .39937E-04
1.1  .18500E+01  .13669E-04
1.1  .18700E+01  .42146E-05
1.1  .18900E+01  .31360E-06
1.1  .19100E+01  .47944E-07
1.1  .19300E+01  .33510E-07
1.1  .19500E+01  .00000E+00
1.1  .19700E+01  .00000E+00
1.1  .19900E+01  .00000E+00
1.1  .20100E+01  .00000E+00
1.1  .20300E+01  .00000E+00
1.1  .20500E+01  .00000E+00
1.1  .20700E+01  .00000E+00
1.1  .20900E+01  .00000E+00
1.1  .21100E+01  .00000E+00
1.1  .21300E+01  .00000E+00
1.1  .21500E+01  .00000E+00
1.1  .21700E+01  .00000E+00
1.1  .21900E+01  .00000E+00
1.1  .22100E+01  .00000E+00
1.1  .22300E+01  .00000E+00
1.1  .22500E+01  .00000E+00
1.1  .22700E+01  .00000E+00
1.1  .22900E+01  .00000E+00
1.1  .23100E+01  .00000E+00
1.1  .23300E+01  .00000E+00
1.1  .23500E+01  .00000E+00
1.1  .23700E+01  .00000E+00
1.1  .23900E+01  .00000E+00
1.1  .24100E+01  .00000E+00
1.1  .24300E+01  .00000E+00
1.1  .24500E+01  .00000E+00
1.1  .24700E+01  .00000E+00
1.1  .24900E+01  .00000E+00
1.2  .10000E-01  .21906E-03
1.2  .30000E-01  .71242E-03
1.2  .50000E-01  .12852E-02
1.2  .70000E-01  .19497E-02
1.2  .90000E-01  .27112E-02
1.2  .11000E+00  .35853E-02
1.2  .13000E+00  .45828E-02
1.2  .15000E+00  .57254E-02
1.2  .17000E+00  .70317E-02
1.2  .19000E+00  .84473E-02
1.2  .21000E+00  .10082E-01
1.2  .23000E+00  .11939E-01
1.2  .25000E+00  .14019E-01
1.2  .27000E+00  .16197E-01
1.2  .29000E+00  .18716E-01
1.2  .31000E+00  .21551E-01
1.2  .33000E+00  .24700E-01
1.2  .35000E+00  .28093E-01
1.2  .37000E+00  .31651E-01
1.2  .39000E+00  .35834E-01
1.2  .41000E+00  .40477E-01
1.2  .43000E+00  .45443E-01
1.2  .45000E+00  .50842E-01
1.2  .47000E+00  .56863E-01
1.2  .49000E+00  .63710E-01
1.2  .51000E+00  .71253E-01
1.2  .53000E+00  .79393E-01
1.2  .55000E+00  .88673E-01
1.2  .57000E+00  .99949E-01
1.2  .59000E+00  .11246E+00
1.2  .61000E+00  .12616E+00
1.2  .63000E+00  .14151E+00
1.2  .65000E+00  .32297E+00
1.2  .67000E+00  .50840E+00
1.2  .69000E+00  .67636E+00
1.2  .71000E+00  .85661E+00
1.2  .73000E+00  .10301E+01
1.2  .75000E+00  .11929E+01
1.2  .77000E+00  .13262E+01
1.2  .79000E+00  .14568E+01
1.2  .81000E+00  .15782E+01
1.2  .83000E+00  .16877E+01
1.2  .85000E+00  .17833E+01
1.2  .87000E+00  .18604E+01
1.2  .89000E+00  .19310E+01
1.2  .91000E+00  .19848E+01
1.2  .93000E+00  .20222E+01
1.2  .95000E+00  .20504E+01
1.2  .97000E+00  .20656E+01
1.2  .99000E+00  .20617E+01
1.2  .10100E+01  .20409E+01
1.2  .10300E+01  .20333E+01
1.2  .10500E+01  .19894E+01
1.2  .10700E+01  .19196E+01
1.2  .10900E+01  .18429E+01
1.2  .11100E+01  .18000E+01
1.2  .11300E+01  .16797E+01
1.2  .11500E+01  .15515E+01
1.2  .11700E+01  .14820E+01
1.2  .11900E+01  .13097E+01
1.2  .12100E+01  .11894E+01
1.2  .12300E+01  .10577E+01
1.2  .12500E+01  .79469E+00
1.2  .12700E+01  .77112E+00
1.2  .12900E+01  .47710E+00
1.2  .13100E+01  .13876E+00
1.2  .13300E+01  .12138E+00
1.2  .13500E+01  .10691E+00
1.2  .13700E+01  .95357E-01
1.2  .13900E+01  .85637E-01
1.2  .14100E+01  .75625E-01
1.2  .14300E+01  .66805E-01
1.2  .14500E+01  .58212E-01
1.2  .14700E+01  .51173E-01
1.2  .14900E+01  .44357E-01
1.2  .15100E+01  .37893E-01
1.2  .15300E+01  .32036E-01
1.2  .15500E+01  .26892E-01
1.2  .15700E+01  .22773E-01
1.2  .15900E+01  .18712E-01
1.2  .16100E+01  .15239E-01
1.2  .16300E+01  .12230E-01
1.2  .16500E+01  .98662E-02
1.2  .16700E+01  .77963E-02
1.2  .16900E+01  .60849E-02
1.2  .17100E+01  .46064E-02
1.2  .17300E+01  .34345E-02
1.2  .17500E+01  .25869E-02
1.2  .17700E+01  .18478E-02
1.2  .17900E+01  .12626E-02
1.2  .18100E+01  .82791E-03
1.2  .18300E+01  .53904E-03
1.2  .18500E+01  .34509E-03
1.2  .18700E+01  .18865E-03
1.2  .18900E+01  .96635E-04
1.2  .19100E+01  .45856E-04
1.2  .19300E+01  .19750E-04
1.2  .19500E+01  .54090E-05
1.2  .19700E+01  .54410E-06
1.2  .19900E+01  .55189E-07
1.2  .20100E+01  .46250E-07
1.2  .20300E+01  .00000E+00
1.2  .20500E+01  .00000E+00
1.2  .20700E+01  .00000E+00
1.2  .20900E+01  .00000E+00
1.2  .21100E+01  .00000E+00
1.2  .21300E+01  .00000E+00
1.2  .21500E+01  .00000E+00
1.2  .21700E+01  .00000E+00
1.2  .21900E+01  .00000E+00
1.2  .22100E+01  .00000E+00
1.2  .22300E+01  .00000E+00
1.2  .22500E+01  .00000E+00
1.2  .22700E+01  .00000E+00
1.2  .22900E+01  .00000E+00
1.2  .23100E+01  .00000E+00
1.2  .23300E+01  .00000E+00
1.2  .23500E+01  .00000E+00
1.2  .23700E+01  .00000E+00
1.2  .23900E+01  .00000E+00
1.2  .24100E+01  .00000E+00
1.2  .24300E+01  .00000E+00
1.2  .24500E+01  .00000E+00
1.2  .24700E+01  .00000E+00
1.2  .24900E+01  .00000E+00
1.3  .10000E-01  .25626E-03
1.3  .30000E-01  .82054E-03
1.3  .50000E-01  .14813E-02
1.3  .70000E-01  .22453E-02
1.3  .90000E-01  .30949E-02
1.3  .11000E+00  .40676E-02
1.3  .13000E+00  .51970E-02
1.3  .15000E+00  .64382E-02
1.3  .17000E+00  .78143E-02
1.3  .19000E+00  .94195E-02
1.3  .21000E+00  .11167E-01
1.3  .23000E+00  .13025E-01
1.3  .25000E+00  .15232E-01
1.3  .27000E+00  .17670E-01
1.3  .29000E+00  .20084E-01
1.3  .31000E+00  .23038E-01
1.3  .33000E+00  .26293E-01
1.3  .35000E+00  .29461E-01
1.3  .37000E+00  .33353E-01
1.3  .39000E+00  .37659E-01
1.3  .41000E+00  .41848E-01
1.3  .43000E+00  .46995E-01
1.3  .45000E+00  .52687E-01
1.3  .47000E+00  .58435E-01
1.3  .49000E+00  .65454E-01
1.3  .51000E+00  .73078E-01
1.3  .53000E+00  .81292E-01
1.3  .55000E+00  .91550E-01
1.3  .57000E+00  .10293E+00
1.3  .59000E+00  .11450E+00
1.3  .61000E+00  .12951E+00
1.3  .63000E+00  .29215E+00
1.3  .65000E+00  .45539E+00
1.3  .67000E+00  .61729E+00
1.3  .69000E+00  .76726E+00
1.3  .71000E+00  .91717E+00
1.3  .73000E+00  .10448E+01
1.3  .75000E+00  .11515E+01
1.3  .77000E+00  .12662E+01
1.3  .79000E+00  .13849E+01
1.3  .81000E+00  .14869E+01
1.3  .83000E+00  .15808E+01
1.3  .85000E+00  .16574E+01
1.3  .87000E+00  .17227E+01
1.3  .89000E+00  .17848E+01
1.3  .91000E+00  .18329E+01
1.3  .93000E+00  .18688E+01
1.3  .95000E+00  .18959E+01
1.3  .97000E+00  .19127E+01
1.3  .99000E+00  .19151E+01
1.3  .10100E+01  .19140E+01
1.3  .10300E+01  .19014E+01
1.3  .10500E+01  .18620E+01
1.3  .10700E+01  .18403E+01
1.3  .10900E+01  .17836E+01
1.3  .11100E+01  .17073E+01
1.3  .11300E+01  .16478E+01
1.3  .11500E+01  .15699E+01
1.3  .11700E+01  .14311E+01
1.3  .11900E+01  .13967E+01
1.3  .12100E+01  .12322E+01
1.3  .12300E+01  .11235E+01
1.3  .12500E+01  .10050E+01
1.3  .12700E+01  .75912E+00
1.3  .12900E+01  .74186E+00
1.3  .13100E+01  .46034E+00
1.3  .13300E+01  .44116E+00
1.3  .13500E+01  .12909E+00
1.3  .13700E+01  .11350E+00
1.3  .13900E+01  .10243E+00
1.3  .14100E+01  .93911E-01
1.3  .14300E+01  .83634E-01
1.3  .14500E+01  .74737E-01
1.3  .14700E+01  .68217E-01
1.3  .14900E+01  .60167E-01
1.3  .15100E+01  .52864E-01
1.3  .15300E+01  .47559E-01
1.3  .15500E+01  .41196E-01
1.3  .15700E+01  .35385E-01
1.3  .15900E+01  .31228E-01
1.3  .16100E+01  .26479E-01
1.3  .16300E+01  .22147E-01
1.3  .16500E+01  .19025E-01
1.3  .16700E+01  .15760E-01
1.3  .16900E+01  .12793E-01
1.3  .17100E+01  .10647E-01
1.3  .17300E+01  .85503E-02
1.3  .17500E+01  .67667E-02
1.3  .17700E+01  .53677E-02
1.3  .17900E+01  .41742E-02
1.3  .18100E+01  .31268E-02
1.3  .18300E+01  .23614E-02
1.3  .18500E+01  .17355E-02
1.3  .18700E+01  .11844E-02
1.3  .18900E+01  .79701E-03
1.3  .19100E+01  .56158E-03
1.3  .19300E+01  .34001E-03
1.3  .19500E+01  .19206E-03
1.3  .19700E+01  .11722E-03
1.3  .19900E+01  .55381E-04
1.3  .20100E+01  .22768E-04
1.3  .20300E+01  .86556E-05
1.3  .20500E+01  .17796E-05
1.3  .20700E+01  .88807E-07
1.3  .20900E+01  .44391E-07
1.3  .21100E+01  .00000E+00
1.3  .21300E+01  .00000E+00
1.3  .21500E+01  .00000E+00
1.3  .21700E+01  .00000E+00
1.3  .21900E+01  .00000E+00
1.3  .22100E+01  .00000E+00
1.3  .22300E+01  .00000E+00
1.3  .22500E+01  .00000E+00
1.3  .22700E+01  .00000E+00
1.3  .22900E+01  .00000E+00
1.3  .23100E+01  .00000E+00
1.3  .23300E+01  .00000E+00
1.3  .23500E+01  .00000E+00
1.3  .23700E+01  .00000E+00
1.3  .23900E+01  .00000E+00
1.3  .24100E+01  .00000E+00
1.3  .24300E+01  .00000E+00
1.3  .24500E+01  .00000E+00
1.3  .24700E+01  .00000E+00
1.3  .24900E+01  .00000E+00
1.4  .10000E-01  .29258E-03
1.4  .30000E-01  .93881E-03
1.4  .50000E-01  .16845E-02
1.4  .70000E-01  .25212E-02
1.4  .90000E-01  .34786E-02
1.4  .11000E+00  .45553E-02
1.4  .13000E+00  .57517E-02
1.4  .15000E+00  .71006E-02
1.4  .17000E+00  .85778E-02
1.4  .19000E+00  .10240E-01
1.4  .21000E+00  .12066E-01
1.4  .23000E+00  .14041E-01
1.4  .25000E+00  .16288E-01
1.4  .27000E+00  .18674E-01
1.4  .29000E+00  .21352E-01
1.4  .31000E+00  .24233E-01
1.4  .33000E+00  .27512E-01
1.4  .35000E+00  .30919E-01
1.4  .37000E+00  .34854E-01
1.4  .39000E+00  .38831E-01
1.4  .41000E+00  .43584E-01
1.4  .43000E+00  .48621E-01
1.4  .45000E+00  .54211E-01
1.4  .47000E+00  .60407E-01
1.4  .49000E+00  .66936E-01
1.4  .51000E+00  .75400E-01
1.4  .53000E+00  .84756E-01
1.4  .55000E+00  .93780E-01
1.4  .57000E+00  .10449E+00
1.4  .59000E+00  .12055E+00
1.4  .61000E+00  .26511E+00
1.4  .63000E+00  .41121E+00
1.4  .65000E+00  .55591E+00
1.4  .67000E+00  .69487E+00
1.4  .69000E+00  .79885E+00
1.4  .71000E+00  .90140E+00
1.4  .73000E+00  .10173E+01
1.4  .75000E+00  .11311E+01
1.4  .77000E+00  .12331E+01
1.4  .79000E+00  .13152E+01
1.4  .81000E+00  .13968E+01
1.4  .83000E+00  .14781E+01
1.4  .85000E+00  .15507E+01
1.4  .87000E+00  .16048E+01
1.4  .89000E+00  .16578E+01
1.4  .91000E+00  .17027E+01
1.4  .93000E+00  .17361E+01
1.4  .95000E+00  .17644E+01
1.4  .97000E+00  .17819E+01
1.4  .99000E+00  .17867E+01
1.4  .10100E+01  .17912E+01
1.4  .10300E+01  .17811E+01
1.4  .10500E+01  .17670E+01
1.4  .10700E+01  .17419E+01
1.4  .10900E+01  .16870E+01
1.4  .11100E+01  .16716E+01
1.4  .11300E+01  .16002E+01
1.4  .11500E+01  .15161E+01
1.4  .11700E+01  .14722E+01
1.4  .11900E+01  .13528E+01
1.4  .12100E+01  .13217E+01
1.4  .12300E+01  .11669E+01
1.4  .12500E+01  .10643E+01
1.4  .12700E+01  .95774E+00
1.4  .12900E+01  .74392E+00
1.4  .13100E+01  .71154E+00
1.4  .13300E+01  .44492E+00
1.4  .13500E+01  .43286E+00
1.4  .13700E+01  .13264E+00
1.4  .13900E+01  .11869E+00
1.4  .14100E+01  .10803E+00
1.4  .14300E+01  .99001E-01
1.4  .14500E+01  .90829E-01
1.4  .14700E+01  .81920E-01
1.4  .14900E+01  .75251E-01
1.4  .15100E+01  .67922E-01
1.4  .15300E+01  .61271E-01
1.4  .15500E+01  .55022E-01
1.4  .15700E+01  .49326E-01
1.4  .15900E+01  .44062E-01
1.4  .16100E+01  .38724E-01
1.4  .16300E+01  .34184E-01
1.4  .16500E+01  .29857E-01
1.4  .16700E+01  .25882E-01
1.4  .16900E+01  .22265E-01
1.4  .17100E+01  .19012E-01
1.4  .17300E+01  .16263E-01
1.4  .17500E+01  .13572E-01
1.4  .17700E+01  .11272E-01
1.4  .17900E+01  .92823E-02
1.4  .18100E+01  .75609E-02
1.4  .18300E+01  .61244E-02
1.4  .18500E+01  .48084E-02
1.4  .18700E+01  .37913E-02
1.4  .18900E+01  .29387E-02
1.4  .19100E+01  .22008E-02
1.4  .19300E+01  .16062E-02
1.4  .19500E+01  .11569E-02
1.4  .19700E+01  .82177E-03
1.4  .19900E+01  .54977E-03
1.4  .20100E+01  .35527E-03
1.4  .20300E+01  .22018E-03
1.4  .20500E+01  .12330E-03
1.4  .20700E+01  .67520E-04
1.4  .20900E+01  .31363E-04
1.4  .21100E+01  .10717E-04
1.4  .21300E+01  .26622E-05
1.4  .21500E+01  .28030E-06
1.4  .21700E+01  .42798E-07
1.4  .21900E+01  .29876E-07
1.4  .22100E+01  .00000E+00
1.4  .22300E+01  .00000E+00
1.4  .22500E+01  .00000E+00
1.4  .22700E+01  .00000E+00
1.4  .22900E+01  .00000E+00
1.4  .23100E+01  .00000E+00
1.4  .23300E+01  .00000E+00
1.4  .23500E+01  .00000E+00
1.4  .23700E+01  .00000E+00
1.4  .23900E+01  .00000E+00
1.4  .24100E+01  .00000E+00
1.4  .24300E+01  .00000E+00
1.4  .24500E+01  .00000E+00
1.4  .24700E+01  .00000E+00
1.4  .24900E+01  .00000E+00
1.5  .10000E-01  .32825E-03
1.5  .30000E-01  .10504E-02
1.5  .50000E-01  .18705E-02
1.5  .70000E-01  .27965E-02
1.5  .90000E-01  .38241E-02
1.5  .11000E+00  .49685E-02
1.5  .13000E+00  .62567E-02
1.5  .15000E+00  .76829E-02
1.5  .17000E+00  .92257E-02
1.5  .19000E+00  .10930E-01
1.5  .21000E+00  .12848E-01
1.5  .23000E+00  .14966E-01
1.5  .25000E+00  .17254E-01
1.5  .27000E+00  .19663E-01
1.5  .29000E+00  .22369E-01
1.5  .31000E+00  .25371E-01
1.5  .33000E+00  .28605E-01
1.5  .35000E+00  .31959E-01
1.5  .37000E+00  .35811E-01
1.5  .39000E+00  .40249E-01
1.5  .41000E+00  .44884E-01
1.5  .43000E+00  .49643E-01
1.5  .45000E+00  .55404E-01
1.5  .47000E+00  .62214E-01
1.5  .49000E+00  .69802E-01
1.5  .51000E+00  .77712E-01
1.5  .53000E+00  .85736E-01
1.5  .55000E+00  .95954E-01
1.5  .57000E+00  .21991E+00
1.5  .59000E+00  .26528E+00
1.5  .61000E+00  .37540E+00
1.5  .63000E+00  .50223E+00
1.5  .65000E+00  .62476E+00
1.5  .67000E+00  .72147E+00
1.5  .69000E+00  .79855E+00
1.5  .71000E+00  .91075E+00
1.5  .73000E+00  .10107E+01
1.5  .75000E+00  .10983E+01
1.5  .77000E+00  .11697E+01
1.5  .79000E+00  .12532E+01
1.5  .81000E+00  .13271E+01
1.5  .83000E+00  .13852E+01
1.5  .85000E+00  .14504E+01
1.5  .87000E+00  .15036E+01
1.5  .89000E+00  .15493E+01
1.5  .91000E+00  .15896E+01
1.5  .93000E+00  .16216E+01
1.5  .95000E+00  .16484E+01
1.5  .97000E+00  .16659E+01
1.5  .99000E+00  .16782E+01
1.5  .10100E+01  .16847E+01
1.5  .10300E+01  .16751E+01
1.5  .10500E+01  .16756E+01
1.5  .10700E+01  .16475E+01
1.5  .10900E+01  .16311E+01
1.5  .11100E+01  .15932E+01
1.5  .11300E+01  .15381E+01
1.5  .11500E+01  .15107E+01
1.5  .11700E+01  .14170E+01
1.5  .11900E+01  .13982E+01
1.5  .12100E+01  .12771E+01
1.5  .12300E+01  .12553E+01
1.5  .12500E+01  .11102E+01
1.5  .12700E+01  .10796E+01
1.5  .12900E+01  .91337E+00
1.5  .13100E+01  .87383E+00
1.5  .13300E+01  .68403E+00
1.5  .13500E+01  .61661E+00
1.5  .13700E+01  .41925E+00
1.5  .13900E+01  .13771E+00
1.5  .14100E+01  .12391E+00
1.5  .14300E+01  .11188E+00
1.5  .14500E+01  .10348E+00
1.5  .14700E+01  .96291E-01
1.5  .14900E+01  .88413E-01
1.5  .15100E+01  .80943E-01
1.5  .15300E+01  .74524E-01
1.5  .15500E+01  .68610E-01
1.5  .15700E+01  .62522E-01
1.5  .15900E+01  .56396E-01
1.5  .16100E+01  .51268E-01
1.5  .16300E+01  .46089E-01
1.5  .16500E+01  .41335E-01
1.5  .16700E+01  .36949E-01
1.5  .16900E+01  .32940E-01
1.5  .17100E+01  .29001E-01
1.5  .17300E+01  .25430E-01
1.5  .17500E+01  .22180E-01
1.5  .17700E+01  .19294E-01
1.5  .17900E+01  .16608E-01
1.5  .18100E+01  .14163E-01
1.5  .18300E+01  .11948E-01
1.5  .18500E+01  .10076E-01
1.5  .18700E+01  .83391E-02
1.5  .18900E+01  .68215E-02
1.5  .19100E+01  .55225E-02
1.5  .19300E+01  .44549E-02
1.5  .19500E+01  .35497E-02
1.5  .19700E+01  .27524E-02
1.5  .19900E+01  .21008E-02
1.5  .20100E+01  .15572E-02
1.5  .20300E+01  .11514E-02
1.5  .20500E+01  .82679E-03
1.5  .20700E+01  .56235E-03
1.5  .20900E+01  .37091E-03
1.5  .21100E+01  .24044E-03
1.5  .21300E+01  .14099E-03
1.5  .21500E+01  .73449E-04
1.5  .21700E+01  .35182E-04
1.5  .21900E+01  .16445E-04
1.5  .22100E+01  .49042E-05
1.5  .22300E+01  .49273E-06
1.5  .22500E+01  .49920E-07
1.5  .22700E+01  .41786E-07
1.5  .22900E+01  .00000E+00
1.5  .23100E+01  .00000E+00
1.5  .23300E+01  .00000E+00
1.5  .23500E+01  .00000E+00
1.5  .23700E+01  .00000E+00
1.5  .23900E+01  .00000E+00
1.5  .24100E+01  .00000E+00
1.5  .24300E+01  .00000E+00
1.5  .24500E+01  .00000E+00
1.5  .24700E+01  .00000E+00
1.5  .24900E+01  .00000E+00
1.75  .10000E-01  .41059E-03
1.75  .30000E-01  .12936E-02
1.75  .50000E-01  .22709E-02
1.75  .70000E-01  .33667E-02
1.75  .90000E-01  .45846E-02
1.75  .11000E+00  .58560E-02
1.75  .13000E+00  .72953E-02
1.75  .15000E+00  .88705E-02
1.75  .17000E+00  .10506E-01
1.75  .19000E+00  .12421E-01
1.75  .21000E+00  .14483E-01
1.75  .23000E+00  .16665E-01
1.75  .25000E+00  .18876E-01
1.75  .27000E+00  .21545E-01
1.75  .29000E+00  .24537E-01
1.75  .31000E+00  .27450E-01
1.75  .33000E+00  .30816E-01
1.75  .35000E+00  .34400E-01
1.75  .37000E+00  .38176E-01
1.75  .39000E+00  .43021E-01
1.75  .41000E+00  .48515E-01
1.75  .43000E+00  .54213E-01
1.75  .45000E+00  .59453E-01
1.75  .47000E+00  .65771E-01
1.75  .49000E+00  .74051E-01
1.75  .51000E+00  .16901E+00
1.75  .53000E+00  .20247E+00
1.75  .55000E+00  .28440E+00
1.75  .57000E+00  .38203E+00
1.75  .59000E+00  .44062E+00
1.75  .61000E+00  .50915E+00
1.75  .63000E+00  .60163E+00
1.75  .65000E+00  .65529E+00
1.75  .67000E+00  .73008E+00
1.75  .69000E+00  .81157E+00
1.75  .71000E+00  .86112E+00
1.75  .73000E+00  .93335E+00
1.75  .75000E+00  .98376E+00
1.75  .77000E+00  .10493E+01
1.75  .79000E+00  .11076E+01
1.75  .81000E+00  .11538E+01
1.75  .83000E+00  .12084E+01
1.75  .85000E+00  .12491E+01
1.75  .87000E+00  .12936E+01
1.75  .89000E+00  .13303E+01
1.75  .91000E+00  .13632E+01
1.75  .93000E+00  .13911E+01
1.75  .95000E+00  .14159E+01
1.75  .97000E+00  .14337E+01
1.75  .99000E+00  .14530E+01
1.75  .10100E+01  .14582E+01
1.75  .10300E+01  .14696E+01
1.75  .10500E+01  .14616E+01
1.75  .10700E+01  .14671E+01
1.75  .10900E+01  .14445E+01
1.75  .11100E+01  .14416E+01
1.75  .11300E+01  .14067E+01
1.75  .11500E+01  .14020E+01
1.75  .11700E+01  .13452E+01
1.75  .11900E+01  .13339E+01
1.75  .12100E+01  .12562E+01
1.75  .12300E+01  .12445E+01
1.75  .12500E+01  .11412E+01
1.75  .12700E+01  .11306E+01
1.75  .12900E+01  .10045E+01
1.75  .13100E+01  .99399E+00
1.75  .13300E+01  .83578E+00
1.75  .13500E+01  .82295E+00
1.75  .13700E+01  .64333E+00
1.75  .13900E+01  .62206E+00
1.75  .14100E+01  .56164E+00
1.75  .14300E+01  .38774E+00
1.75  .14500E+01  .38011E+00
1.75  .14700E+01  .12526E+00
1.75  .14900E+01  .11502E+00
1.75  .15100E+01  .10750E+00
1.75  .15300E+01  .10126E+00
1.75  .15500E+01  .94874E-01
1.75  .15700E+01  .88060E-01
1.75  .15900E+01  .83166E-01
1.75  .16100E+01  .77585E-01
1.75  .16300E+01  .72622E-01
1.75  .16500E+01  .68458E-01
1.75  .16700E+01  .63141E-01
1.75  .16900E+01  .58219E-01
1.75  .17100E+01  .54425E-01
1.75  .17300E+01  .50621E-01
1.75  .17500E+01  .46186E-01
1.75  .17700E+01  .41944E-01
1.75  .17900E+01  .38954E-01
1.75  .18100E+01  .35495E-01
1.75  .18300E+01  .32057E-01
1.75  .18500E+01  .29297E-01
1.75  .18700E+01  .26104E-01
1.75  .18900E+01  .23241E-01
1.75  .19100E+01  .20918E-01
1.75  .19300E+01  .18771E-01
1.75  .19500E+01  .16364E-01
1.75  .19700E+01  .14169E-01
1.75  .19900E+01  .12650E-01
1.75  .20100E+01  .10953E-01
1.75  .20300E+01  .93608E-02
1.75  .20500E+01  .81006E-02
1.75  .20700E+01  .68008E-02
1.75  .20900E+01  .56319E-02
1.75  .21100E+01  .46411E-02
1.75  .21300E+01  .39281E-02
1.75  .21500E+01  .31172E-02
1.75  .21700E+01  .24271E-02
1.75  .21900E+01  .19744E-02
1.75  .22100E+01  .15120E-02
1.75  .22300E+01  .11240E-02
1.75  .22500E+01  .86704E-03
1.75  .22700E+01  .60457E-03
1.75  .22900E+01  .41073E-03
1.75  .23100E+01  .26945E-03
1.75  .23300E+01  .18371E-03
1.75  .23500E+01  .10676E-03
1.75  .23700E+01  .55763E-04
1.75  .23900E+01  .31112E-04
1.75  .24100E+01  .12463E-04
1.75  .24300E+01  .34425E-05
1.75  .24500E+01  .46401E-06
1.75  .24700E+01  .38972E-07
1.75  .24900E+01  .37501E-07
2.0  .10000E-01  .47117E-03
2.0  .30000E-01  .14781E-02
2.0  .50000E-01  .25871E-02
2.0  .70000E-01  .38018E-02
2.0  .90000E-01  .51119E-02
2.0  .11000E+00  .65465E-02
2.0  .13000E+00  .80229E-02
2.0  .15000E+00  .96577E-02
2.0  .17000E+00  .11500E-01
2.0  .19000E+00  .13424E-01
2.0  .21000E+00  .15657E-01
2.0  .23000E+00  .17996E-01
2.0  .25000E+00  .20262E-01
2.0  .27000E+00  .22882E-01
2.0  .29000E+00  .25991E-01
2.0  .31000E+00  .29248E-01
2.0  .33000E+00  .33260E-01
2.0  .35000E+00  .37585E-01
2.0  .37000E+00  .41442E-01
2.0  .39000E+00  .45466E-01
2.0  .41000E+00  .50661E-01
2.0  .43000E+00  .57625E-01
2.0  .45000E+00  .12979E+00
2.0  .47000E+00  .20410E+00
2.0  .49000E+00  .21987E+00
2.0  .51000E+00  .29640E+00
2.0  .53000E+00  .31713E+00
2.0  .55000E+00  .39258E+00
2.0  .57000E+00  .42896E+00
2.0  .59000E+00  .49494E+00
2.0  .61000E+00  .53752E+00
2.0  .63000E+00  .59669E+00
2.0  .65000E+00  .65732E+00
2.0  .67000E+00  .70071E+00
2.0  .69000E+00  .75527E+00
2.0  .71000E+00  .79822E+00
2.0  .73000E+00  .85519E+00
2.0  .75000E+00  .89419E+00
2.0  .77000E+00  .94329E+00
2.0  .79000E+00  .98118E+00
2.0  .81000E+00  .10280E+01
2.0  .83000E+00  .10624E+01
2.0  .85000E+00  .11030E+01
2.0  .87000E+00  .11329E+01
2.0  .89000E+00  .11656E+01
2.0  .91000E+00  .11931E+01
2.0  .93000E+00  .12177E+01
2.0  .95000E+00  .12413E+01
2.0  .97000E+00  .12591E+01
2.0  .99000E+00  .12764E+01
2.0  .10100E+01  .12874E+01
2.0  .10300E+01  .12981E+01
2.0  .10500E+01  .13084E+01
2.0  .10700E+01  .13029E+01
2.0  .10900E+01  .13092E+01
2.0  .11100E+01  .12948E+01
2.0  .11300E+01  .12981E+01
2.0  .11500E+01  .12670E+01
2.0  .11700E+01  .12634E+01
2.0  .11900E+01  .12458E+01
2.0  .12100E+01  .12132E+01
2.0  .12300E+01  .11980E+01
2.0  .12500E+01  .11359E+01
2.0  .12700E+01  .11339E+01
2.0  .12900E+01  .10417E+01
2.0  .13100E+01  .10353E+01
2.0  .13300E+01  .94664E+00
2.0  .13500E+01  .91042E+00
2.0  .13700E+01  .89959E+00
2.0  .13900E+01  .75710E+00
2.0  .14100E+01  .75229E+00
2.0  .14300E+01  .59104E+00
2.0  .14500E+01  .57379E+00
2.0  .14700E+01  .56064E+00
2.0  .14900E+01  .36217E+00
2.0  .15100E+01  .35753E+00
2.0  .15300E+01  .12422E+00
2.0  .15500E+01  .11612E+00
2.0  .15700E+01  .10935E+00
2.0  .15900E+01  .10181E+00
2.0  .16100E+01  .97620E-01
2.0  .16300E+01  .93549E-01
2.0  .16500E+01  .87937E-01
2.0  .16700E+01  .82952E-01
2.0  .16900E+01  .78578E-01
2.0  .17100E+01  .74690E-01
2.0  .17300E+01  .70932E-01
2.0  .17500E+01  .67133E-01
2.0  .17700E+01  .62755E-01
2.0  .17900E+01  .59084E-01
2.0  .18100E+01  .55731E-01
2.0  .18300E+01  .52468E-01
2.0  .18500E+01  .49569E-01
2.0  .18700E+01  .45847E-01
2.0  .18900E+01  .42433E-01
2.0  .19100E+01  .39659E-01
2.0  .19300E+01  .37002E-01
2.0  .19500E+01  .34381E-01
2.0  .19700E+01  .31731E-01
2.0  .19900E+01  .28837E-01
2.0  .20100E+01  .26304E-01
2.0  .20300E+01  .24280E-01
2.0  .20500E+01  .22185E-01
2.0  .20700E+01  .20178E-01
2.0  .20900E+01  .18215E-01
2.0  .21100E+01  .16228E-01
2.0  .21300E+01  .14680E-01
2.0  .21500E+01  .13143E-01
2.0  .21700E+01  .11714E-01
2.0  .21900E+01  .10364E-01
2.0  .22100E+01  .91038E-02
2.0  .22300E+01  .78889E-02
2.0  .22500E+01  .68454E-02
2.0  .22700E+01  .58827E-02
2.0  .22900E+01  .50068E-02
2.0  .23100E+01  .42555E-02
2.0  .23300E+01  .35064E-02
2.0  .23500E+01  .28745E-02
2.0  .23700E+01  .23542E-02
2.0  .23900E+01  .18777E-02
2.0  .24100E+01  .15189E-02
2.0  .24300E+01  .11719E-02
2.0  .24500E+01  .86910E-03
2.0  .24700E+01  .64957E-03
2.0  .24900E+01  .47942E-03
2.0  .25100E+01  .33033E-03
2.0  .25300E+01  .22895E-03
2.0  .25500E+01  .14625E-03
2.0  .25700E+01  .85581E-04
2.0  .25900E+01  .51329E-04
2.0  .26100E+01  .25375E-04
2.0  .26300E+01  .93506E-05
2.0  .26500E+01  .23185E-05
2.0  .26700E+01  .24366E-06
2.0  .26900E+01  .37138E-07
2.0  .27100E+01  .25879E-07
2.5  .10000E-01  .56088E-03
2.5  .30000E-01  .17599E-02
2.5  .50000E-01  .30224E-02
2.5  .70000E-01  .43590E-02
2.5  .90000E-01  .57752E-02
2.5  .11000E+00  .73433E-02
2.5  .13000E+00  .90390E-02
2.5  .15000E+00  .11046E-01
2.5  .17000E+00  .13276E-01
2.5  .19000E+00  .15588E-01
2.5  .21000E+00  .18014E-01
2.5  .23000E+00  .20281E-01
2.5  .25000E+00  .22781E-01
2.5  .27000E+00  .25768E-01
2.5  .29000E+00  .29642E-01
2.5  .31000E+00  .69437E-01
2.5  .33000E+00  .76509E-01
2.5  .35000E+00  .12089E+00
2.5  .37000E+00  .13062E+00
2.5  .39000E+00  .17504E+00
2.5  .41000E+00  .19088E+00
2.5  .43000E+00  .22183E+00
2.5  .45000E+00  .25557E+00
2.5  .47000E+00  .27517E+00
2.5  .49000E+00  .32346E+00
2.5  .51000E+00  .34325E+00
2.5  .53000E+00  .38592E+00
2.5  .55000E+00  .41440E+00
2.5  .57000E+00  .44061E+00
2.5  .59000E+00  .48642E+00
2.5  .61000E+00  .50977E+00
2.5  .63000E+00  .55560E+00
2.5  .65000E+00  .58218E+00
2.5  .67000E+00  .61237E+00
2.5  .69000E+00  .65173E+00
2.5  .71000E+00  .67672E+00
2.5  .73000E+00  .71711E+00
2.5  .75000E+00  .74247E+00
2.5  .77000E+00  .77240E+00
2.5  .79000E+00  .80472E+00
2.5  .81000E+00  .82931E+00
2.5  .83000E+00  .86078E+00
2.5  .85000E+00  .88460E+00
2.5  .87000E+00  .90892E+00
2.5  .89000E+00  .93363E+00
2.5  .91000E+00  .95467E+00
2.5  .93000E+00  .97512E+00
2.5  .95000E+00  .99439E+00
2.5  .97000E+00  .10120E+01
2.5  .99000E+00  .10260E+01
2.5  .10100E+01  .10421E+01
2.5  .10300E+01  .10555E+01
2.5  .10500E+01  .10617E+01
2.5  .10700E+01  .10758E+01
2.5  .10900E+01  .10763E+01
2.5  .11100E+01  .10827E+01
2.5  .11300E+01  .10910E+01
2.5  .11500E+01  .10766E+01
2.5  .11700E+01  .10850E+01
2.5  .11900E+01  .10851E+01
2.5  .12100E+01  .10618E+01
2.5  .12300E+01  .10674E+01
2.5  .12500E+01  .10517E+01
2.5  .12700E+01  .10272E+01
2.5  .12900E+01  .10290E+01
2.5  .13100E+01  .10063E+01
2.5  .13300E+01  .97008E+00
2.5  .13500E+01  .97240E+00
2.5  .13700E+01  .90783E+00
2.5  .13900E+01  .88996E+00
2.5  .14100E+01  .88954E+00
2.5  .14300E+01  .78951E+00
2.5  .14500E+01  .78720E+00
2.5  .14700E+01  .78286E+00
2.5  .14900E+01  .65847E+00
2.5  .15100E+01  .65841E+00
2.5  .15300E+01  .65319E+00
2.5  .15500E+01  .50461E+00
2.5  .15700E+01  .50320E+00
2.5  .15900E+01  .49722E+00
2.5  .16100E+01  .32262E+00
2.5  .16300E+01  .32054E+00
2.5  .16500E+01  .31638E+00
2.5  .16700E+01  .11497E+00
2.5  .16900E+01  .10910E+00
2.5  .17100E+01  .10408E+00
2.5  .17300E+01  .97685E-01
2.5  .17500E+01  .93769E-01
2.5  .17700E+01  .91548E-01
2.5  .17900E+01  .89312E-01
2.5  .18100E+01  .85530E-01
2.5  .18300E+01  .81232E-01
2.5  .18500E+01  .78010E-01
2.5  .18700E+01  .74664E-01
2.5  .18900E+01  .72366E-01
2.5  .19100E+01  .70049E-01
2.5  .19300E+01  .67864E-01
2.5  .19500E+01  .64611E-01
2.5  .19700E+01  .61194E-01
2.5  .19900E+01  .58455E-01
2.5  .20100E+01  .56166E-01
2.5  .20300E+01  .54106E-01
2.5  .20500E+01  .51884E-01
2.5  .20700E+01  .49718E-01
2.5  .20900E+01  .47142E-01
2.5  .21100E+01  .44375E-01
2.5  .21300E+01  .42075E-01
2.5  .21500E+01  .40214E-01
2.5  .21700E+01  .38350E-01
2.5  .21900E+01  .36376E-01
2.5  .22100E+01  .34520E-01
2.5  .22300E+01  .32473E-01
2.5  .22500E+01  .30262E-01
2.5  .22700E+01  .28360E-01
2.5  .22900E+01  .26743E-01
2.5  .23100E+01  .25270E-01
2.5  .23300E+01  .23674E-01
2.5  .23500E+01  .22194E-01
2.5  .23700E+01  .20613E-01
2.5  .23900E+01  .19015E-01
2.5  .24100E+01  .17503E-01
2.5  .24300E+01  .16345E-01
2.5  .24500E+01  .15221E-01
2.5  .24700E+01  .14078E-01
2.5  .24900E+01  .12978E-01
2.5  .25100E+01  .11871E-01
2.5  .25300E+01  .10781E-01
2.5  .25500E+01  .97050E-02
2.5  .25700E+01  .88264E-02
2.5  .25900E+01  .79913E-02
2.5  .26100E+01  .71785E-02
2.5  .26300E+01  .63447E-02
2.5  .26500E+01  .56541E-02
2.5  .26700E+01  .49419E-02
2.5  .26900E+01  .42787E-02
2.5  .27100E+01  .36783E-02
2.5  .27300E+01  .32237E-02
2.5  .27500E+01  .27545E-02
2.5  .27700E+01  .22972E-02
2.5  .27900E+01  .19038E-02
2.5  .28100E+01  .15955E-02
2.5  .28300E+01  .12738E-02
2.5  .28500E+01  .10055E-02
2.5  .28700E+01  .82138E-03
2.5  .28900E+01  .62515E-03
2.5  .29100E+01  .46217E-03
2.5  .29300E+01  .33535E-03
2.5  .29500E+01  .24513E-03
2.5  .29700E+01  .16327E-03
2.5  .29900E+01  .10524E-03
2.5  .30100E+01  .69172E-04
2.5  .30300E+01  .36511E-04
2.5  .30500E+01  .16725E-04
2.5  .30700E+01  .68068E-05
2.5  .30900E+01  .13949E-05
2.5  .31100E+01  .69381E-07
2.5  .31300E+01  .34570E-07
3.0  .10000E-01  .63117E-03
3.0  .30000E-01  .20009E-02
3.0  .50000E-01  .34735E-02
3.0  .70000E-01  .49603E-02
3.0  .90000E-01  .65347E-02
3.0  .11000E+00  .82101E-02
3.0  .13000E+00  .10070E-01
3.0  .15000E+00  .12272E-01
3.0  .17000E+00  .31161E-01
3.0  .19000E+00  .35477E-01
3.0  .21000E+00  .40939E-01
3.0  .23000E+00  .65825E-01
3.0  .25000E+00  .72843E-01
3.0  .27000E+00  .83456E-01
3.0  .29000E+00  .11083E+00
3.0  .31000E+00  .12049E+00
3.0  .33000E+00  .15260E+00
3.0  .35000E+00  .16494E+00
3.0  .37000E+00  .17708E+00
3.0  .39000E+00  .21195E+00
3.0  .41000E+00  .22628E+00
3.0  .43000E+00  .24256E+00
3.0  .45000E+00  .27704E+00
3.0  .47000E+00  .29331E+00
3.0  .49000E+00  .31201E+00
3.0  .51000E+00  .34778E+00
3.0  .53000E+00  .36437E+00
3.0  .55000E+00  .38452E+00
3.0  .57000E+00  .41956E+00
3.0  .59000E+00  .43823E+00
3.0  .61000E+00  .45829E+00
3.0  .63000E+00  .49196E+00
3.0  .65000E+00  .51186E+00
3.0  .67000E+00  .53361E+00
3.0  .69000E+00  .56396E+00
3.0  .71000E+00  .58427E+00
3.0  .73000E+00  .60534E+00
3.0  .75000E+00  .63433E+00
3.0  .77000E+00  .65430E+00
3.0  .79000E+00  .67395E+00
3.0  .81000E+00  .69970E+00
3.0  .83000E+00  .71927E+00
3.0  .85000E+00  .73848E+00
3.0  .87000E+00  .75960E+00
3.0  .89000E+00  .77813E+00
3.0  .91000E+00  .79565E+00
3.0  .93000E+00  .81289E+00
3.0  .95000E+00  .82960E+00
3.0  .97000E+00  .84537E+00
3.0  .99000E+00  .85837E+00
3.0  .10100E+01  .87176E+00
3.0  .10300E+01  .88641E+00
3.0  .10500E+01  .89736E+00
3.0  .10700E+01  .90389E+00
3.0  .10900E+01  .91610E+00
3.0  .11100E+01  .92664E+00
3.0  .11300E+01  .92443E+00
3.0  .11500E+01  .93482E+00
3.0  .11700E+01  .94210E+00
3.0  .11900E+01  .93492E+00
3.0  .12100E+01  .93996E+00
3.0  .12300E+01  .94664E+00
3.0  .12500E+01  .93311E+00
3.0  .12700E+01  .92834E+00
3.0  .12900E+01  .93601E+00
3.0  .13100E+01  .93054E+00
3.0  .13300E+01  .90020E+00
3.0  .13500E+01  .90617E+00
3.0  .13700E+01  .90747E+00
3.0  .13900E+01  .85710E+00
3.0  .14100E+01  .85883E+00
3.0  .14300E+01  .85992E+00
3.0  .14500E+01  .83583E+00
3.0  .14700E+01  .79070E+00
3.0  .14900E+01  .79389E+00
3.0  .15100E+01  .78316E+00
3.0  .15300E+01  .70191E+00
3.0  .15500E+01  .70416E+00
3.0  .15700E+01  .70288E+00
3.0  .15900E+01  .59518E+00
3.0  .16100E+01  .59146E+00
3.0  .16300E+01  .59245E+00
3.0  .16500E+01  .58342E+00
3.0  .16700E+01  .45457E+00
3.0  .16900E+01  .45550E+00
3.0  .17100E+01  .45353E+00
3.0  .17300E+01  .29496E+00
3.0  .17500E+01  .29321E+00
3.0  .17700E+01  .29221E+00
3.0  .17900E+01  .28773E+00
3.0  .18100E+01  .10787E+00
3.0  .18300E+01  .10460E+00
3.0  .18500E+01  .99357E-01
3.0  .18700E+01  .94028E-01
3.0  .18900E+01  .90025E-01
3.0  .19100E+01  .87865E-01
3.0  .19300E+01  .87050E-01
3.0  .19500E+01  .85243E-01
3.0  .19700E+01  .82784E-01
3.0  .19900E+01  .79559E-01
3.0  .20100E+01  .76700E-01
3.0  .20300E+01  .73268E-01
3.0  .20500E+01  .70925E-01
3.0  .20700E+01  .69513E-01
3.0  .20900E+01  .68243E-01
3.0  .21100E+01  .66915E-01
3.0  .21300E+01  .64728E-01
3.0  .21500E+01  .62210E-01
3.0  .21700E+01  .59894E-01
3.0  .21900E+01  .57222E-01
3.0  .22100E+01  .55248E-01
3.0  .22300E+01  .53763E-01
3.0  .22500E+01  .52465E-01
3.0  .22700E+01  .50857E-01
3.0  .22900E+01  .49329E-01
3.0  .23100E+01  .47152E-01
3.0  .23300E+01  .44985E-01
3.0  .23500E+01  .43078E-01
3.0  .23700E+01  .41166E-01
3.0  .23900E+01  .39857E-01
3.0  .24100E+01  .38577E-01
3.0  .24300E+01  .37201E-01
3.0  .24500E+01  .35869E-01
3.0  .24700E+01  .34145E-01
3.0  .24900E+01  .32442E-01
3.0  .25100E+01  .30860E-01
3.0  .25300E+01  .29208E-01
3.0  .25500E+01  .27962E-01
3.0  .25700E+01  .26763E-01
3.0  .25900E+01  .25547E-01
3.0  .26100E+01  .24336E-01
3.0  .26300E+01  .23180E-01
3.0  .26500E+01  .21818E-01
3.0  .26700E+01  .20547E-01
3.0  .26900E+01  .19352E-01
3.0  .27100E+01  .18204E-01
3.0  .27300E+01  .17329E-01
3.0  .27500E+01  .16427E-01
3.0  .27700E+01  .15546E-01
3.0  .27900E+01  .14690E-01
3.0  .28100E+01  .13724E-01
3.0  .28300E+01  .12825E-01
3.0  .28500E+01  .11873E-01
3.0  .28700E+01  .11002E-01
3.0  .28900E+01  .10224E-01
3.0  .29100E+01  .95614E-02
3.0  .29300E+01  .88331E-02
3.0  .29500E+01  .81416E-02
3.0  .29700E+01  .74706E-02
3.0  .29900E+01  .67797E-02
3.0  .30100E+01  .61578E-02
3.0  .30300E+01  .55548E-02
3.0  .30500E+01  .49938E-02
3.0  .30700E+01  .45067E-02
3.0  .30900E+01  .40249E-02
3.0  .31100E+01  .35844E-02
3.0  .31300E+01  .31283E-02
3.0  .31500E+01  .27231E-02
3.0  .31700E+01  .23497E-02
3.0  .31900E+01  .20211E-02
3.0  .32100E+01  .17014E-02
3.0  .32300E+01  .14383E-02
3.0  .32500E+01  .12081E-02
3.0  .32700E+01  .97511E-03
3.0  .32900E+01  .79511E-03
3.0  .33100E+01  .62937E-03
3.0  .33300E+01  .47653E-03
3.0  .33500E+01  .37172E-03
3.0  .33700E+01  .27134E-03
3.0  .33900E+01  .19223E-03
3.0  .34100E+01  .12945E-03
3.0  .34300E+01  .90766E-04
3.0  .34500E+01  .51968E-04
3.0  .34700E+01  .26321E-04
3.0  .34900E+01  .13103E-04
3.0  .35100E+01  .38945E-05
3.0  .35300E+01  .38999E-06
3.0  .35500E+01  .39381E-07
3.0  .35700E+01  .32858E-07
4.0  .10000E-01  .21586E-02
4.0  .30000E-01  .66125E-02
4.0  .50000E-01  .14155E-01
4.0  .70000E-01  .19948E-01
4.0  .90000E-01  .25945E-01
4.0  .11000E+00  .32462E-01
4.0  .13000E+00  .45357E-01
4.0  .15000E+00  .52654E-01
4.0  .17000E+00  .60341E-01
4.0  .19000E+00  .69184E-01
4.0  .21000E+00  .85908E-01
4.0  .23000E+00  .94620E-01
4.0  .25000E+00  .10396E+00
4.0  .27000E+00  .11759E+00
4.0  .29000E+00  .13429E+00
4.0  .31000E+00  .14430E+00
4.0  .33000E+00  .15520E+00
4.0  .35000E+00  .17119E+00
4.0  .37000E+00  .18903E+00
4.0  .39000E+00  .20009E+00
4.0  .41000E+00  .21232E+00
4.0  .43000E+00  .22940E+00
4.0  .45000E+00  .24829E+00
4.0  .47000E+00  .26031E+00
4.0  .49000E+00  .27349E+00
4.0  .51000E+00  .29062E+00
4.0  .53000E+00  .31045E+00
4.0  .55000E+00  .32330E+00
4.0  .57000E+00  .33717E+00
4.0  .59000E+00  .35393E+00
4.0  .61000E+00  .37400E+00
4.0  .63000E+00  .38747E+00
4.0  .65000E+00  .40165E+00
4.0  .67000E+00  .41782E+00
4.0  .69000E+00  .43725E+00
4.0  .71000E+00  .45113E+00
4.0  .73000E+00  .46528E+00
4.0  .75000E+00  .48057E+00
4.0  .77000E+00  .49866E+00
4.0  .79000E+00  .51269E+00
4.0  .81000E+00  .52649E+00
4.0  .83000E+00  .54083E+00
4.0  .85000E+00  .55700E+00
4.0  .87000E+00  .57048E+00
4.0  .89000E+00  .58363E+00
4.0  .91000E+00  .59674E+00
4.0  .93000E+00  .60985E+00
4.0  .95000E+00  .62278E+00
4.0  .97000E+00  .63530E+00
4.0  .99000E+00  .64711E+00
4.0  .10100E+01  .65698E+00
4.0  .10300E+01  .66807E+00
4.0  .10500E+01  .68002E+00
4.0  .10700E+01  .69068E+00
4.0  .10900E+01  .69889E+00
4.0  .11100E+01  .70481E+00
4.0  .11300E+01  .71605E+00
4.0  .11500E+01  .72577E+00
4.0  .11700E+01  .73293E+00
4.0  .11900E+01  .73277E+00
4.0  .12100E+01  .74154E+00
4.0  .12300E+01  .75088E+00
4.0  .12500E+01  .75712E+00
4.0  .12700E+01  .75583E+00
4.0  .12900E+01  .75492E+00
4.0  .13100E+01  .76402E+00
4.0  .13300E+01  .76989E+00
4.0  .13500E+01  .77106E+00
4.0  .13700E+01  .75517E+00
4.0  .13900E+01  .76320E+00
4.0  .14100E+01  .76931E+00
4.0  .14300E+01  .76805E+00
4.0  .14500E+01  .74280E+00
4.0  .14700E+01  .74679E+00
4.0  .14900E+01  .75317E+00
4.0  .15100E+01  .75437E+00
4.0  .15300E+01  .73780E+00
4.0  .15500E+01  .71352E+00
4.0  .15700E+01  .71957E+00
4.0  .15900E+01  .72265E+00
4.0  .16100E+01  .71918E+00
4.0  .16300E+01  .66314E+00
4.0  .16500E+01  .66746E+00
4.0  .16700E+01  .67116E+00
4.0  .16900E+01  .67222E+00
4.0  .17100E+01  .61652E+00
4.0  .17300E+01  .59575E+00
4.0  .17500E+01  .59927E+00
4.0  .17700E+01  .60153E+00
4.0  .17900E+01  .59496E+00
4.0  .18100E+01  .50426E+00
4.0  .18300E+01  .50688E+00
4.0  .18500E+01  .50908E+00
4.0  .18700E+01  .50826E+00
4.0  .18900E+01  .40184E+00
4.0  .19100E+01  .39275E+00
4.0  .19300E+01  .39365E+00
4.0  .19500E+01  .39417E+00
4.0  .19700E+01  .39026E+00
4.0  .19900E+01  .25658E+00
4.0  .20100E+01  .25671E+00
4.0  .20300E+01  .25653E+00
4.0  .20500E+01  .25488E+00
4.0  .20700E+01  .10108E+00
4.0  .20900E+01  .98592E-01
4.0  .21100E+01  .96303E-01
4.0  .21300E+01  .92978E-01
4.0  .21500E+01  .89782E-01
4.0  .21700E+01  .85334E-01
4.0  .21900E+01  .81230E-01
4.0  .22100E+01  .79565E-01
4.0  .22300E+01  .79477E-01
4.0  .22500E+01  .79401E-01
4.0  .22700E+01  .78806E-01
4.0  .22900E+01  .77768E-01
4.0  .23100E+01  .76680E-01
4.0  .23300E+01  .74644E-01
4.0  .23500E+01  .72080E-01
4.0  .23700E+01  .69826E-01
4.0  .23900E+01  .67084E-01
4.0  .24100E+01  .65247E-01
4.0  .24300E+01  .64483E-01
4.0  .24500E+01  .64157E-01
4.0  .24700E+01  .63830E-01
4.0  .24900E+01  .63028E-01
4.0  .25100E+01  .61908E-01
4.0  .25300E+01  .60804E-01
4.0  .25500E+01  .58987E-01
4.0  .25700E+01  .56906E-01
4.0  .25900E+01  .54691E-01
4.0  .26100E+01  .53131E-01
4.0  .26300E+01  .51780E-01
4.0  .26500E+01  .51010E-01
4.0  .26700E+01  .50521E-01
4.0  .26900E+01  .49815E-01
4.0  .27100E+01  .49133E-01
4.0  .27300E+01  .48010E-01
4.0  .27500E+01  .46631E-01
4.0  .27700E+01  .45380E-01
4.0  .27900E+01  .43633E-01
4.0  .28100E+01  .41946E-01
4.0  .28300E+01  .40652E-01
4.0  .28500E+01  .39419E-01
4.0  .28700E+01  .38749E-01
4.0  .28900E+01  .38138E-01
4.0  .29100E+01  .37399E-01
4.0  .29300E+01  .36685E-01
4.0  .29500E+01  .35604E-01
4.0  .29700E+01  .34419E-01
4.0  .29900E+01  .33358E-01
4.0  .30100E+01  .31993E-01
4.0  .30300E+01  .30699E-01
4.0  .30500E+01  .29463E-01
4.0  .30700E+01  .28577E-01
4.0  .30900E+01  .27909E-01
4.0  .31100E+01  .27260E-01
4.0  .31300E+01  .26541E-01
4.0  .31500E+01  .25676E-01
4.0  .31700E+01  .24914E-01
4.0  .31900E+01  .23960E-01
4.0  .32100E+01  .22943E-01
4.0  .32300E+01  .22090E-01
4.0  .32500E+01  .21072E-01
4.0  .32700E+01  .20189E-01
4.0  .32900E+01  .19437E-01
4.0  .33100E+01  .18720E-01
4.0  .33300E+01  .18232E-01
4.0  .33500E+01  .17606E-01
4.0  .33700E+01  .16968E-01
4.0  .33900E+01  .16397E-01
4.0  .34100E+01  .15684E-01
4.0  .34300E+01  .15019E-01
4.0  .34500E+01  .14397E-01
4.0  .34700E+01  .13700E-01
4.0  .34900E+01  .13085E-01
4.0  .35100E+01  .12436E-01
4.0  .35300E+01  .11889E-01
4.0  .35500E+01  .11438E-01
4.0  .35700E+01  .10909E-01
4.0  .35900E+01  .10396E-01
4.0  .36100E+01  .98464E-02
4.0  .36300E+01  .93744E-02
4.0  .36500E+01  .88688E-02
4.0  .36700E+01  .83271E-02
4.0  .36900E+01  .78443E-02
4.0  .37100E+01  .73153E-02
4.0  .37300E+01  .68784E-02
4.0  .37500E+01  .64521E-02
4.0  .37700E+01  .60309E-02
4.0  .37900E+01  .56887E-02
4.0  .38100E+01  .52816E-02
4.0  .38300E+01  .49070E-02
4.0  .38500E+01  .45532E-02
4.0  .38700E+01  .41558E-02
4.0  .38900E+01  .38123E-02
4.0  .39100E+01  .34697E-02
4.0  .39300E+01  .31422E-02
4.0  .39500E+01  .28602E-02
4.0  .39700E+01  .25632E-02
4.0  .39900E+01  .23107E-02
4.0  .40100E+01  .20787E-02
4.0  .40300E+01  .18200E-02
4.0  .40500E+01  .15982E-02
4.0  .40700E+01  .13663E-02
4.0  .40900E+01  .11674E-02
4.0  .41100E+01  .99875E-03
4.0  .41300E+01  .82459E-03
4.0  .41500E+01  .67645E-03
4.0  .41700E+01  .54294E-03
4.0  .41900E+01  .45059E-03
4.0  .42100E+01  .35186E-03
4.0  .42300E+01  .26647E-03
4.0  .42500E+01  .20703E-03
4.0  .42700E+01  .14319E-03
4.0  .42900E+01  .93768E-04
4.0  .43100E+01  .61905E-04
4.0  .43300E+01  .32610E-04
4.0  .43500E+01  .14909E-04
4.0  .43700E+01  .60557E-05
4.0  .43900E+01  .12386E-05
4.0  .44100E+01  .61489E-07
4.0  .44300E+01  .30580E-07
5.0  .10000E-01  .32411E-02
5.0  .30000E-01  .98108E-02
5.0  .50000E-01  .16398E-01
5.0  .70000E-01  .23107E-01
5.0  .90000E-01  .30179E-01
5.0  .11000E+00  .39741E-01
5.0  .13000E+00  .48121E-01
5.0  .15000E+00  .55682E-01
5.0  .17000E+00  .63491E-01
5.0  .19000E+00  .72029E-01
5.0  .21000E+00  .84126E-01
5.0  .23000E+00  .93921E-01
5.0  .25000E+00  .10233E+00
5.0  .27000E+00  .11113E+00
5.0  .29000E+00  .12049E+00
5.0  .31000E+00  .13449E+00
5.0  .33000E+00  .14561E+00
5.0  .35000E+00  .15473E+00
5.0  .37000E+00  .16412E+00
5.0  .39000E+00  .17455E+00
5.0  .41000E+00  .18893E+00
5.0  .43000E+00  .20155E+00
5.0  .45000E+00  .21123E+00
5.0  .47000E+00  .22123E+00
5.0  .49000E+00  .23228E+00
5.0  .51000E+00  .24646E+00
5.0  .53000E+00  .26005E+00
5.0  .55000E+00  .27018E+00
5.0  .57000E+00  .28066E+00
5.0  .59000E+00  .29202E+00
5.0  .61000E+00  .30432E+00
5.0  .63000E+00  .31960E+00
5.0  .65000E+00  .33008E+00
5.0  .67000E+00  .34075E+00
5.0  .69000E+00  .35210E+00
5.0  .71000E+00  .36395E+00
5.0  .73000E+00  .37852E+00
5.0  .75000E+00  .38923E+00
5.0  .77000E+00  .39987E+00
5.0  .79000E+00  .41079E+00
5.0  .81000E+00  .42224E+00
5.0  .83000E+00  .43512E+00
5.0  .85000E+00  .44590E+00
5.0  .87000E+00  .45641E+00
5.0  .89000E+00  .46690E+00
5.0  .91000E+00  .47739E+00
5.0  .93000E+00  .48789E+00
5.0  .95000E+00  .49837E+00
5.0  .97000E+00  .50877E+00
5.0  .99000E+00  .51872E+00
5.0  .10100E+01  .52814E+00
5.0  .10300E+01  .53684E+00
5.0  .10500E+01  .54501E+00
5.0  .10700E+01  .55518E+00
5.0  .10900E+01  .56474E+00
5.0  .11100E+01  .57364E+00
5.0  .11300E+01  .58091E+00
5.0  .11500E+01  .58438E+00
5.0  .11700E+01  .59390E+00
5.0  .11900E+01  .60324E+00
5.0  .12100E+01  .61153E+00
5.0  .12300E+01  .61772E+00
5.0  .12500E+01  .61601E+00
5.0  .12700E+01  .62343E+00
5.0  .12900E+01  .63262E+00
5.0  .13100E+01  .64047E+00
5.0  .13300E+01  .64580E+00
5.0  .13500E+01  .64761E+00
5.0  .13700E+01  .64230E+00
5.0  .13900E+01  .65072E+00
5.0  .14100E+01  .65846E+00
5.0  .14300E+01  .66363E+00
5.0  .14500E+01  .66590E+00
5.0  .14700E+01  .65005E+00
5.0  .14900E+01  .65637E+00
5.0  .15100E+01  .66376E+00
5.0  .15300E+01  .67002E+00
5.0  .15500E+01  .67172E+00
5.0  .15700E+01  .65150E+00
5.0  .15900E+01  .64789E+00
5.0  .16100E+01  .65471E+00
5.0  .16300E+01  .66084E+00
5.0  .16500E+01  .66367E+00
5.0  .16700E+01  .65542E+00
5.0  .16900E+01  .62506E+00
5.0  .17100E+01  .63018E+00
5.0  .17300E+01  .63566E+00
5.0  .17500E+01  .63919E+00
5.0  .17700E+01  .63994E+00
5.0  .17900E+01  .59796E+00
5.0  .18100E+01  .58846E+00
5.0  .18300E+01  .59334E+00
5.0  .18500E+01  .59692E+00
5.0  .18700E+01  .59912E+00
5.0  .18900E+01  .59066E+00
5.0  .19100E+01  .52882E+00
5.0  .19300E+01  .53264E+00
5.0  .19500E+01  .53639E+00
5.0  .19700E+01  .53839E+00
5.0  .19900E+01  .53691E+00
5.0  .20100E+01  .49577E+00
5.0  .20300E+01  .45334E+00
5.0  .20500E+01  .45609E+00
5.0  .20700E+01  .45783E+00
5.0  .20900E+01  .45803E+00
5.0  .21100E+01  .45523E+00
5.0  .21300E+01  .35350E+00
5.0  .21500E+01  .35525E+00
5.0  .21700E+01  .35636E+00
5.0  .21900E+01  .35718E+00
5.0  .22100E+01  .35630E+00
5.0  .22300E+01  .32537E+00
5.0  .22500E+01  .23351E+00
5.0  .22700E+01  .23424E+00
5.0  .22900E+01  .23412E+00
5.0  .23100E+01  .23343E+00
5.0  .23300E+01  .23178E+00
5.0  .23500E+01  .92547E-01
5.0  .23700E+01  .91920E-01
5.0  .23900E+01  .91168E-01
5.0  .24100E+01  .89333E-01
5.0  .24300E+01  .86617E-01
5.0  .24500E+01  .83023E-01
5.0  .24700E+01  .79918E-01
5.0  .24900E+01  .76044E-01
5.0  .25100E+01  .73478E-01
5.0  .25300E+01  .73560E-01
5.0  .25500E+01  .73903E-01
5.0  .25700E+01  .74051E-01
5.0  .25900E+01  .74001E-01
5.0  .26100E+01  .73893E-01
5.0  .26300E+01  .73334E-01
5.0  .26500E+01  .72399E-01
5.0  .26700E+01  .71016E-01
5.0  .26900E+01  .69652E-01
5.0  .27100E+01  .67375E-01
5.0  .27300E+01  .64782E-01
5.0  .27500E+01  .62901E-01
5.0  .27700E+01  .61150E-01
5.0  .27900E+01  .60435E-01
5.0  .28100E+01  .60516E-01
5.0  .28300E+01  .60609E-01
5.0  .28500E+01  .60476E-01
5.0  .28700E+01  .60152E-01
5.0  .28900E+01  .59589E-01
5.0  .29100E+01  .59027E-01
5.0  .29300E+01  .57959E-01
5.0  .29500E+01  .56565E-01
5.0  .29700E+01  .55282E-01
5.0  .29900E+01  .53389E-01
5.0  .30100E+01  .51441E-01
5.0  .30300E+01  .50157E-01
5.0  .30500E+01  .49022E-01
5.0  .30700E+01  .48648E-01
5.0  .30900E+01  .48544E-01
5.0  .31100E+01  .48324E-01
5.0  .31300E+01  .48097E-01
5.0  .31500E+01  .47582E-01
5.0  .31700E+01  .46863E-01
5.0  .31900E+01  .46192E-01
5.0  .32100E+01  .45105E-01
5.0  .32300E+01  .43818E-01
5.0  .32500E+01  .42689E-01
5.0  .32700E+01  .41147E-01
5.0  .32900E+01  .39707E-01
5.0  .33100E+01  .38541E-01
5.0  .33300E+01  .37912E-01
5.0  .33500E+01  .37592E-01
5.0  .33700E+01  .37342E-01
5.0  .33900E+01  .36975E-01
5.0  .34100E+01  .36626E-01
5.0  .34300E+01  .36012E-01
5.0  .34500E+01  .35258E-01
5.0  .34700E+01  .34346E-01
5.0  .34900E+01  .33541E-01
5.0  .35100E+01  .32444E-01
5.0  .35300E+01  .31288E-01
5.0  .35500E+01  .30361E-01
5.0  .35700E+01  .29312E-01
5.0  .35900E+01  .28436E-01
5.0  .36100E+01  .27901E-01
5.0  .36300E+01  .27574E-01
5.0  .36500E+01  .27229E-01
5.0  .36700E+01  .26797E-01
5.0  .36900E+01  .26256E-01
5.0  .37100E+01  .25762E-01
5.0  .37300E+01  .25042E-01
5.0  .37500E+01  .24228E-01
5.0  .37700E+01  .23544E-01
5.0  .37900E+01  .22701E-01
5.0  .38100E+01  .21847E-01
5.0  .38300E+01  .21163E-01
5.0  .38500E+01  .20428E-01
5.0  .38700E+01  .19765E-01
5.0  .38900E+01  .19303E-01
5.0  .39100E+01  .18904E-01
5.0  .39300E+01  .18612E-01
5.0  .39500E+01  .18184E-01
5.0  .39700E+01  .17688E-01
5.0  .39900E+01  .17254E-01
5.0  .40100E+01  .16697E-01
5.0  .40300E+01  .16112E-01
5.0  .40500E+01  .15630E-01
5.0  .40700E+01  .15046E-01
5.0  .40900E+01  .14519E-01
5.0  .41100E+01  .13989E-01
5.0  .41300E+01  .13538E-01
5.0  .41500E+01  .13114E-01
5.0  .41700E+01  .12706E-01
5.0  .41900E+01  .12347E-01
5.0  .42100E+01  .12048E-01
5.0  .42300E+01  .11652E-01
5.0  .42500E+01  .11217E-01
5.0  .42700E+01  .10842E-01
5.0  .42900E+01  .10379E-01
5.0  .43100E+01  .99443E-02
5.0  .43300E+01  .94986E-02
5.0  .43500E+01  .91201E-02
5.0  .43700E+01  .87299E-02
5.0  .43900E+01  .83322E-02
5.0  .44100E+01  .79781E-02
5.0  .44300E+01  .76508E-02
5.0  .44500E+01  .73113E-02
5.0  .44700E+01  .69934E-02
5.0  .44900E+01  .67339E-02
5.0  .45100E+01  .64106E-02
5.0  .45300E+01  .61033E-02
5.0  .45500E+01  .57709E-02
5.0  .45700E+01  .54830E-02
5.0  .45900E+01  .51760E-02
5.0  .46100E+01  .48593E-02
5.0  .46300E+01  .45785E-02
5.0  .46500E+01  .43072E-02
5.0  .46700E+01  .40148E-02
5.0  .46900E+01  .37571E-02
5.0  .47100E+01  .34879E-02
5.0  .47300E+01  .32704E-02
5.0  .47500E+01  .30433E-02
5.0  .47700E+01  .28075E-02
5.0  .47900E+01  .26045E-02
5.0  .48100E+01  .23879E-02
5.0  .48300E+01  .21588E-02
5.0  .48500E+01  .19600E-02
5.0  .48700E+01  .17661E-02
5.0  .48900E+01  .15594E-02
5.0  .49100E+01  .13784E-02
5.0  .49300E+01  .11971E-02
5.0  .49500E+01  .10567E-02
5.0  .49700E+01  .90688E-03
5.0  .49900E+01  .77324E-03
5.0  .50100E+01  .67297E-03
5.0  .50300E+01  .55790E-03
5.0  .50500E+01  .45242E-03
5.0  .50700E+01  .37543E-03
5.0  .50900E+01  .28850E-03
5.0  .51100E+01  .21299E-03
5.0  .51300E+01  .14899E-03
5.0  .51500E+01  .10775E-03
5.0  .51700E+01  .66489E-04
5.0  .51900E+01  .35839E-04
5.0  .52100E+01  .20261E-04
5.0  .52300E+01  .74378E-05
5.0  .52500E+01  .18373E-05
5.0  .52700E+01  .19238E-06
5.0  .52900E+01  .29213E-07
5.0  .53100E+01  .20283E-07
10.0  .10000E-01  .23442E-02
10.0  .30000E-01  .70409E-02
10.0  .50000E-01  .11768E-01
10.0  .70000E-01  .16592E-01
10.0  .90000E-01  .21746E-01
10.0  .11000E+00  .26982E-01
10.0  .13000E+00  .31911E-01
10.0  .15000E+00  .36821E-01
10.0  .17000E+00  .41730E-01
10.0  .19000E+00  .46640E-01
10.0  .21000E+00  .51554E-01
10.0  .23000E+00  .56481E-01
10.0  .25000E+00  .61504E-01
10.0  .27000E+00  .66736E-01
10.0  .29000E+00  .72135E-01
10.0  .31000E+00  .78563E-01
10.0  .33000E+00  .83771E-01
10.0  .35000E+00  .88852E-01
10.0  .37000E+00  .93929E-01
10.0  .39000E+00  .99007E-01
10.0  .41000E+00  .10408E+00
10.0  .43000E+00  .10917E+00
10.0  .45000E+00  .11433E+00
10.0  .47000E+00  .11966E+00
10.0  .49000E+00  .12525E+00
10.0  .51000E+00  .13184E+00
10.0  .53000E+00  .13749E+00
10.0  .55000E+00  .14271E+00
10.0  .57000E+00  .14790E+00
10.0  .59000E+00  .15309E+00
10.0  .61000E+00  .15828E+00
10.0  .63000E+00  .16347E+00
10.0  .65000E+00  .16868E+00
10.0  .67000E+00  .17402E+00
10.0  .69000E+00  .17954E+00
10.0  .71000E+00  .18522E+00
10.0  .73000E+00  .19141E+00
10.0  .75000E+00  .19673E+00
10.0  .77000E+00  .20197E+00
10.0  .79000E+00  .20722E+00
10.0  .81000E+00  .21247E+00
10.0  .83000E+00  .21771E+00
10.0  .85000E+00  .22296E+00
10.0  .87000E+00  .22821E+00
10.0  .89000E+00  .23345E+00
10.0  .91000E+00  .23870E+00
10.0  .93000E+00  .24394E+00
10.0  .95000E+00  .24919E+00
10.0  .97000E+00  .25444E+00
10.0  .99000E+00  .25968E+00
10.0  .10100E+01  .26493E+00
10.0  .10300E+01  .27017E+00
10.0  .10500E+01  .27542E+00
10.0  .10700E+01  .28063E+00
10.0  .10900E+01  .28565E+00
10.0  .11100E+01  .29048E+00
10.0  .11300E+01  .29484E+00
10.0  .11500E+01  .29851E+00
10.0  .11700E+01  .30360E+00
10.0  .11900E+01  .30878E+00
10.0  .12100E+01  .31397E+00
10.0  .12300E+01  .31916E+00
10.0  .12500E+01  .32435E+00
10.0  .12700E+01  .32952E+00
10.0  .12900E+01  .33455E+00
10.0  .13100E+01  .33897E+00
10.0  .13300E+01  .34279E+00
10.0  .13500E+01  .34518E+00
10.0  .13700E+01  .34787E+00
10.0  .13900E+01  .35287E+00
10.0  .14100E+01  .35795E+00
10.0  .14300E+01  .36302E+00
10.0  .14500E+01  .36810E+00
10.0  .14700E+01  .37316E+00
10.0  .14900E+01  .37811E+00
10.0  .15100E+01  .38251E+00
10.0  .15300E+01  .38624E+00
10.0  .15500E+01  .38842E+00
10.0  .15700E+01  .38608E+00
10.0  .15900E+01  .39032E+00
10.0  .16100E+01  .39521E+00
10.0  .16300E+01  .40012E+00
10.0  .16500E+01  .40503E+00
10.0  .16700E+01  .40992E+00
10.0  .16900E+01  .41471E+00
10.0  .17100E+01  .41930E+00
10.0  .17300E+01  .42291E+00
10.0  .17500E+01  .42488E+00
10.0  .17700E+01  .42459E+00
10.0  .17900E+01  .41978E+00
10.0  .18100E+01  .42415E+00
10.0  .18300E+01  .42884E+00
10.0  .18500E+01  .43352E+00
10.0  .18700E+01  .43818E+00
10.0  .18900E+01  .44279E+00
10.0  .19100E+01  .44718E+00
10.0  .19300E+01  .45097E+00
10.0  .19500E+01  .45392E+00
10.0  .19700E+01  .45395E+00
10.0  .19900E+01  .44214E+00
10.0  .20100E+01  .44334E+00
10.0  .20300E+01  .44762E+00
10.0  .20500E+01  .45202E+00
10.0  .20700E+01  .45641E+00
10.0  .20900E+01  .46074E+00
10.0  .21100E+01  .46491E+00
10.0  .21300E+01  .46885E+00
10.0  .21500E+01  .47183E+00
10.0  .21700E+01  .47275E+00
10.0  .21900E+01  .47081E+00
10.0  .22100E+01  .45189E+00
10.0  .22300E+01  .45481E+00
10.0  .22500E+01  .45887E+00
10.0  .22700E+01  .46293E+00
10.0  .22900E+01  .46695E+00
10.0  .23100E+01  .47085E+00
10.0  .23300E+01  .47450E+00
10.0  .23500E+01  .47755E+00
10.0  .23700E+01  .47995E+00
10.0  .23900E+01  .47950E+00
10.0  .24100E+01  .46570E+00
10.0  .24300E+01  .44932E+00
10.0  .24500E+01  .45258E+00
10.0  .24700E+01  .45626E+00
10.0  .24900E+01  .45988E+00
10.0  .25100E+01  .46342E+00
10.0  .25300E+01  .46685E+00
10.0  .25500E+01  .46988E+00
10.0  .25700E+01  .47219E+00
10.0  .25900E+01  .47312E+00
10.0  .26100E+01  .47210E+00
10.0  .26300E+01  .43983E+00
10.0  .26500E+01  .43191E+00
10.0  .26700E+01  .43511E+00
10.0  .26900E+01  .43830E+00
10.0  .27100E+01  .44145E+00
10.0  .27300E+01  .44444E+00
10.0  .27500E+01  .44717E+00
10.0  .27700E+01  .44940E+00
10.0  .27900E+01  .45125E+00
10.0  .28100E+01  .45141E+00
10.0  .28300E+01  .44692E+00
10.0  .28500E+01  .39874E+00
10.0  .28700E+01  .39817E+00
10.0  .28900E+01  .40090E+00
10.0  .29100E+01  .40354E+00
10.0  .29300E+01  .40607E+00
10.0  .29500E+01  .40851E+00
10.0  .29700E+01  .41057E+00
10.0  .29900E+01  .41211E+00
10.0  .30100E+01  .41283E+00
10.0  .30300E+01  .41289E+00
10.0  .30500E+01  .40711E+00
10.0  .30700E+01  .34485E+00
10.0  .30900E+01  .34685E+00
10.0  .31100E+01  .34897E+00
10.0  .31300E+01  .35105E+00
10.0  .31500E+01  .35294E+00
10.0  .31700E+01  .35459E+00
10.0  .31900E+01  .35610E+00
10.0  .32100E+01  .35696E+00
10.0  .32300E+01  .35710E+00
10.0  .32500E+01  .35597E+00
10.0  .32700E+01  .35082E+00
10.0  .32900E+01  .27474E+00
10.0  .33100E+01  .27631E+00
10.0  .33300E+01  .27779E+00
10.0  .33500E+01  .27915E+00
10.0  .33700E+01  .28043E+00
10.0  .33900E+01  .28138E+00
10.0  .34100E+01  .28196E+00
10.0  .34300E+01  .28241E+00
10.0  .34500E+01  .28206E+00
10.0  .34700E+01  .28078E+00
10.0  .34900E+01  .25628E+00
10.0  .35100E+01  .18470E+00
10.0  .35300E+01  .18558E+00
10.0  .35500E+01  .18641E+00
10.0  .35700E+01  .18705E+00
10.0  .35900E+01  .18750E+00
10.0  .36100E+01  .18787E+00
10.0  .36300E+01  .18778E+00
10.0  .36500E+01  .18736E+00
10.0  .36700E+01  .18701E+00
10.0  .36900E+01  .18592E+00
10.0  .37100E+01  .75860E-01
10.0  .37300E+01  .75465E-01
10.0  .37500E+01  .75851E-01
10.0  .37700E+01  .76212E-01
10.0  .37900E+01  .76551E-01
10.0  .38100E+01  .76811E-01
10.0  .38300E+01  .76960E-01
10.0  .38500E+01  .77049E-01
10.0  .38700E+01  .76869E-01
10.0  .38900E+01  .76396E-01
10.0  .39100E+01  .75824E-01
10.0  .39300E+01  .74584E-01
10.0  .39500E+01  .72703E-01
10.0  .39700E+01  .70763E-01
10.0  .39900E+01  .67629E-01
10.0  .40100E+01  .64178E-01
10.0  .40300E+01  .60994E-01
10.0  .40500E+01  .59489E-01
10.0  .40700E+01  .59538E-01
10.0  .40900E+01  .59831E-01
10.0  .41100E+01  .60123E-01
10.0  .41300E+01  .60416E-01
10.0  .41500E+01  .60708E-01
10.0  .41700E+01  .61001E-01
10.0  .41900E+01  .61293E-01
10.0  .42100E+01  .61586E-01
10.0  .42300E+01  .61876E-01
10.0  .42500E+01  .62160E-01
10.0  .42700E+01  .62431E-01
10.0  .42900E+01  .62692E-01
10.0  .43100E+01  .62915E-01
10.0  .43300E+01  .63090E-01
10.0  .43500E+01  .63238E-01
10.0  .43700E+01  .63263E-01
10.0  .43900E+01  .63154E-01
10.0  .44100E+01  .62871E-01
10.0  .44300E+01  .62542E-01
10.0  .44500E+01  .61817E-01
10.0  .44700E+01  .60771E-01
10.0  .44900E+01  .59721E-01
10.0  .45100E+01  .57981E-01
10.0  .45300E+01  .55867E-01
10.0  .45500E+01  .54089E-01
10.0  .45700E+01  .52034E-01
10.0  .45900E+01  .50711E-01
10.0  .46100E+01  .50402E-01
10.0  .46300E+01  .50588E-01
10.0  .46500E+01  .50807E-01
10.0  .46700E+01  .51026E-01
10.0  .46900E+01  .51244E-01
10.0  .47100E+01  .51462E-01
10.0  .47300E+01  .51680E-01
10.0  .47500E+01  .51896E-01
10.0  .47700E+01  .52106E-01
10.0  .47900E+01  .52309E-01
10.0  .48100E+01  .52492E-01
10.0  .48300E+01  .52648E-01
10.0  .48500E+01  .52767E-01
10.0  .48700E+01  .52869E-01
10.0  .48900E+01  .52881E-01
10.0  .49100E+01  .52805E-01
10.0  .49300E+01  .52707E-01
10.0  .49500E+01  .52405E-01
10.0  .49700E+01  .51933E-01
10.0  .49900E+01  .51450E-01
10.0  .50100E+01  .50599E-01
10.0  .50300E+01  .49502E-01
10.0  .50500E+01  .48152E-01
10.0  .50700E+01  .46936E-01
10.0  .50900E+01  .45239E-01
10.0  .51100E+01  .43606E-01
10.0  .51300E+01  .42634E-01
10.0  .51500E+01  .41888E-01
10.0  .51700E+01  .41794E-01
10.0  .51900E+01  .41955E-01
10.0  .52100E+01  .42116E-01
10.0  .52300E+01  .42278E-01
10.0  .52500E+01  .42438E-01
10.0  .52700E+01  .42594E-01
10.0  .52900E+01  .42744E-01
10.0  .53100E+01  .42887E-01
10.0  .53300E+01  .43011E-01
10.0  .53500E+01  .43114E-01
10.0  .53700E+01  .43208E-01
10.0  .53900E+01  .43252E-01
10.0  .54100E+01  .43249E-01
10.0  .54300E+01  .43184E-01
10.0  .54500E+01  .43107E-01
10.0  .54700E+01  .42885E-01
10.0  .54900E+01  .42549E-01
10.0  .55100E+01  .42216E-01
10.0  .55300E+01  .41626E-01
10.0  .55500E+01  .40871E-01
10.0  .55700E+01  .40179E-01
10.0  .55900E+01  .39131E-01
10.0  .56100E+01  .37947E-01
10.0  .56300E+01  .36945E-01
10.0  .56500E+01  .35646E-01
10.0  .56700E+01  .34488E-01
10.0  .56900E+01  .33687E-01
10.0  .57100E+01  .33401E-01
10.0  .57300E+01  .33380E-01
10.0  .57500E+01  .33495E-01
10.0  .57700E+01  .33608E-01
10.0  .57900E+01  .33717E-01
10.0  .58100E+01  .33822E-01
10.0  .58300E+01  .33916E-01
10.0  .58500E+01  .33998E-01
10.0  .58700E+01  .34062E-01
10.0  .58900E+01  .34120E-01
10.0  .59100E+01  .34137E-01
10.0  .59300E+01  .34118E-01
10.0  .59500E+01  .34094E-01
10.0  .59700E+01  .33988E-01
10.0  .59900E+01  .33819E-01
10.0  .60100E+01  .33650E-01
10.0  .60300E+01  .33330E-01
10.0  .60500E+01  .32909E-01
10.0  .60700E+01  .32380E-01
10.0  .60900E+01  .31895E-01
10.0  .61100E+01  .31157E-01
10.0  .61300E+01  .30311E-01
10.0  .61500E+01  .29590E-01
10.0  .61700E+01  .28629E-01
10.0  .61900E+01  .27676E-01
10.0  .62100E+01  .26969E-01
10.0  .62300E+01  .26187E-01
10.0  .62500E+01  .25664E-01
10.0  .62700E+01  .25489E-01
10.0  .62900E+01  .25482E-01
10.0  .63100E+01  .25553E-01
10.0  .63300E+01  .25621E-01
10.0  .63500E+01  .25678E-01
10.0  .63700E+01  .25725E-01
10.0  .63900E+01  .25769E-01
10.0  .64100E+01  .25788E-01
10.0  .64300E+01  .25785E-01
10.0  .64500E+01  .25779E-01
10.0  .64700E+01  .25726E-01
10.0  .64900E+01  .25635E-01
10.0  .65100E+01  .25502E-01
10.0  .65300E+01  .25373E-01
10.0  .65500E+01  .25138E-01
10.0  .65700E+01  .24837E-01
10.0  .65900E+01  .24557E-01
10.0  .66100E+01  .24118E-01
10.0  .66300E+01  .23600E-01
10.0  .66500E+01  .23142E-01
10.0  .66700E+01  .22485E-01
10.0  .66900E+01  .21785E-01
10.0  .67100E+01  .21080E-01
10.0  .67300E+01  .20547E-01
10.0  .67500E+01  .19909E-01
10.0  .67700E+01  .19342E-01
10.0  .67900E+01  .18970E-01
10.0  .68100E+01  .18639E-01
10.0  .68300E+01  .18503E-01
10.0  .68500E+01  .18511E-01
10.0  .68700E+01  .18539E-01
10.0  .68900E+01  .18557E-01
10.0  .69100E+01  .18573E-01
10.0  .69300E+01  .18569E-01
10.0  .69500E+01  .18548E-01
10.0  .69700E+01  .18528E-01
10.0  .69900E+01  .18469E-01
10.0  .70100E+01  .18384E-01
10.0  .70300E+01  .18306E-01
10.0  .70500E+01  .18165E-01
10.0  .70700E+01  .17987E-01
10.0  .70900E+01  .17767E-01
10.0  .71100E+01  .17568E-01
10.0  .71300E+01  .17261E-01
10.0  .71500E+01  .16902E-01
10.0  .71700E+01  .16590E-01
10.0  .71900E+01  .16155E-01
10.0  .72100E+01  .15696E-01
10.0  .72300E+01  .15333E-01
10.0  .72500E+01  .14881E-01
10.0  .72700E+01  .14454E-01
10.0  .72900E+01  .14147E-01
10.0  .73100E+01  .13796E-01
10.0  .73300E+01  .13501E-01
10.0  .73500E+01  .13269E-01
10.0  .73700E+01  .13138E-01
10.0  .73900E+01  .13053E-01
10.0  .74100E+01  .13048E-01
10.0  .74300E+01  .13042E-01
10.0  .74500E+01  .13024E-01
10.0  .74700E+01  .13008E-01
10.0  .74900E+01  .12966E-01
10.0  .75100E+01  .12908E-01
10.0  .75300E+01  .12833E-01
10.0  .75500E+01  .12764E-01
10.0  .75700E+01  .12648E-01
10.0  .75900E+01  .12505E-01
10.0  .76100E+01  .12376E-01
10.0  .76300E+01  .12177E-01
10.0  .76500E+01  .11944E-01
10.0  .76700E+01  .11740E-01
10.0  .76900E+01  .11448E-01
10.0  .77100E+01  .11126E-01
10.0  .77300E+01  .10785E-01
10.0  .77500E+01  .10511E-01
10.0  .77700E+01  .10165E-01
10.0  .77900E+01  .98366E-02
10.0  .78100E+01  .95932E-02
10.0  .78300E+01  .93081E-02
10.0  .78500E+01  .90594E-02
10.0  .78700E+01  .88859E-02
10.0  .78900E+01  .87029E-02
10.0  .79100E+01  .85589E-02
10.0  .79300E+01  .84757E-02
10.0  .79500E+01  .84035E-02
10.0  .79700E+01  .83678E-02
10.0  .79900E+01  .83429E-02
10.0  .80100E+01  .82968E-02
10.0  .80300E+01  .82385E-02
10.0  .80500E+01  .81861E-02
10.0  .80700E+01  .81020E-02
10.0  .80900E+01  .80019E-02
10.0  .81100E+01  .79134E-02
10.0  .81300E+01  .77811E-02
10.0  .81500E+01  .76292E-02
10.0  .81700E+01  .74565E-02
10.0  .81900E+01  .73062E-02
10.0  .82100E+01  .70927E-02
10.0  .82300E+01  .68616E-02
10.0  .82500E+01  .66735E-02
10.0  .82700E+01  .64336E-02
10.0  .82900E+01  .61993E-02
10.0  .83100E+01  .60208E-02
10.0  .83300E+01  .58016E-02
10.0  .83500E+01  .55979E-02
10.0  .83700E+01  .54154E-02
10.0  .83900E+01  .52829E-02
10.0  .84100E+01  .51390E-02
10.0  .84300E+01  .50237E-02
10.0  .84500E+01  .49391E-02
10.0  .84700E+01  .48562E-02
10.0  .84900E+01  .47980E-02
10.0  .85100E+01  .47446E-02
10.0  .85300E+01  .46937E-02
10.0  .85500E+01  .46366E-02
10.0  .85700E+01  .45862E-02
10.0  .85900E+01  .45110E-02
10.0  .86100E+01  .44243E-02
10.0  .86300E+01  .43482E-02
10.0  .86500E+01  .42396E-02
10.0  .86700E+01  .41185E-02
10.0  .86900E+01  .40145E-02
10.0  .87100E+01  .38703E-02
10.0  .87300E+01  .37146E-02
10.0  .87500E+01  .35516E-02
10.0  .87700E+01  .34211E-02
10.0  .87900E+01  .32568E-02
10.0  .88100E+01  .30970E-02
10.0  .88300E+01  .29757E-02
10.0  .88500E+01  .28309E-02
10.0  .88700E+01  .26953E-02
10.0  .88900E+01  .25858E-02
10.0  .89100E+01  .24609E-02
10.0  .89300E+01  .23504E-02
10.0  .89500E+01  .22711E-02
10.0  .89700E+01  .21847E-02
10.0  .89900E+01  .21108E-02
10.0  .90100E+01  .20534E-02
10.0  .90300E+01  .19990E-02
10.0  .90500E+01  .19425E-02
10.0  .90700E+01  .18974E-02
10.0  .90900E+01  .18368E-02
10.0  .91100E+01  .17687E-02
10.0  .91300E+01  .17093E-02
10.0  .91500E+01  .16268E-02
10.0  .91700E+01  .15362E-02
10.0  .91900E+01  .14375E-02
10.0  .92100E+01  .13531E-02
10.0  .92300E+01  .12401E-02
10.0  .92500E+01  .11217E-02
10.0  .92700E+01  .10257E-02
10.0  .92900E+01  .90525E-03
10.0  .93100E+01  .78640E-03
10.0  .93300E+01  .69399E-03
10.0  .93500E+01  .58267E-03
10.0  .93700E+01  .47854E-03
10.0  .93900E+01  .38332E-03
10.0  .94100E+01  .31439E-03
10.0  .94300E+01  .23762E-03
10.0  .94500E+01  .17175E-03
10.0  .94700E+01  .12703E-03
10.0  .94900E+01  .82970E-04
10.0  .95100E+01  .48604E-04
10.0  .95300E+01  .28709E-04
10.0  .95500E+01  .13092E-04
10.0  .95700E+01  .41424E-05
10.0  .95900E+01  .10823E-05
10.0  .96100E+01  .53597E-07
10.0  .96300E+01  .26590E-07
